[0] Min : -19.332060 41.923744 -0.800007 0.000000
[0] Max : -18.000008 43.255795 -0.399987 0.000000
[1] Min : -18.697062 42.055107 -0.800007 0.000000
[1] Max : -16.482357 43.616573 -0.399987 0.000000
[2] Min : -18.689957 42.938309 -0.692829 0.000000
[2] Max : -16.637644 43.723747 0.399999 0.000000
[3] Min : -19.564739 41.959290 -0.692822 0.000000
[3] Max : -18.035547 43.488483 0.400003 0.000000
[4] Min : -19.692820 40.406120 -0.800001 0.000000
[4] Max : -18.262634 42.620815 -0.399989 0.000000
[5] Min : -18.732037 41.262085 -0.800007 0.000000
[5] Max : -17.338301 42.655800 -0.399995 0.000000
[6] Min : -18.599995 40.585419 -0.692828 0.000000
[6] Max : -16.661669 42.523743 0.000013 0.000000
[7] Min : -19.799994 40.561394 -0.692836 0.000000
[7] Max : -18.991283 42.613689 0.400003 0.000000
[8] Min : -17.517643 42.186386 -0.799998 0.000000
[8] Max : -15.302938 43.616573 -0.399990 0.000000
[9] Min : -16.000008 41.923744 -0.800009 0.000000
[9] Max : -14.667944 43.255791 -0.399990 0.000000
[10] Min : -15.964445 41.959293 -0.692824 0.000000
[10] Max : -14.435279 43.488476 0.400002 0.000000
[11] Min : -17.362354 42.915028 -0.692828 0.000000
[11] Max : -15.336844 43.723747 0.400006 0.000000
[12] Min : -16.661669 41.262074 -0.800009 0.000000
[12] Max : -15.267962 42.655804 -0.400001 0.000000
[13] Min : -15.868625 40.406113 -0.800009 0.000000
[13] Max : -14.307178 42.620796 -0.399990 0.000000
[14] Min : -14.985435 40.561405 -0.692838 0.000000
[14] Max : -14.200007 42.613686 0.400005 0.000000
[15] Min : -17.338301 40.585411 -0.692833 0.000000
[15] Max : -15.400002 42.523743 0.000012 0.000000
[16] Min : -17.362354 42.938301 -0.399995 0.000000
[16] Max : -15.347949 43.723747 0.692824 0.000000
[17] Min : -15.964445 41.959293 -0.400012 0.000000
[17] Max : -14.435279 43.488476 0.692811 0.000000
[18] Min : -16.000006 41.923752 0.399983 0.000000
[18] Max : -14.667947 43.255787 0.800000 0.000000
[19] Min : -17.517626 42.055107 0.399985 0.000000
[19] Max : -15.302928 43.616554 0.800006 0.000000
[20] Min : -17.338326 40.585430 -0.400009 0.000000
[20] Max : -15.399999 42.523754 0.692827 0.000000
[21] Min : -15.008714 40.575260 -0.400012 0.000000
[21] Max : -14.200007 42.613686 0.692822 0.000000
[22] Min : -15.737367 40.406109 0.399991 0.000000
[22] Max : -14.307181 42.620792 0.799999 0.000000
[23] Min : -16.661674 41.262070 0.399983 0.000000
[23] Max : -15.267951 42.655788 0.800000 0.000000
[24] Min : -19.564739 41.959290 -0.400006 0.000000
[24] Max : -18.035547 43.488483 0.692820 0.000000
[25] Min : -18.689957 42.915016 -0.399993 0.000000
[25] Max : -16.637644 43.723747 0.692832 0.000000
[26] Min : -18.697060 42.186378 0.399987 0.000000
[26] Max : -16.482361 43.616554 0.800008 0.000000
[27] Min : -19.332056 41.923748 0.399994 0.000000
[27] Max : -18.000004 43.255795 0.800008 0.000000
[28] Min : -19.799994 40.561394 -0.400006 0.000000
[28] Max : -19.014561 42.613689 0.692819 0.000000
[29] Min : -18.599985 40.585415 -0.400008 0.000000
[29] Max : -16.661674 42.523754 0.692829 0.000000
[30] Min : -18.732052 41.262066 0.399987 0.000000
[30] Max : -17.338326 42.655792 0.800008 0.000000
[31] Min : -19.692806 40.406105 0.399988 0.000000
[31] Max : -18.131367 42.620804 0.800007 0.000000
[32] Min : -19.692820 39.226688 -0.800003 0.000000
[32] Max : -18.131361 41.441395 -0.399989 0.000000
[33] Min : -18.732067 39.191696 -0.800003 0.000000
[33] Max : -17.338329 40.585419 -0.399992 0.000000
[34] Min : -18.599995 39.323746 -0.692829 0.000000
[34] Max : -16.661680 41.262085 0.000015 0.000000
[35] Min : -19.799994 39.233799 -0.692825 0.000000
[35] Max : -19.014555 41.286091 0.400001 0.000000
[36] Min : -19.332050 38.591690 -0.800003 0.000000
[36] Max : -18.000000 39.923748 -0.399986 0.000000
[37] Min : -18.697060 38.230919 -0.800004 0.000000
[37] Max : -16.482365 39.661102 -0.399992 0.000000
[38] Min : -18.689951 38.123741 -0.692827 0.000000
[38] Max : -16.637640 38.932438 0.400011 0.000000
[39] Min : -19.564718 38.359009 -0.692807 0.000000
[39] Max : -18.035553 39.888195 0.400001 0.000000
[40] Min : -16.661680 39.191700 -0.800014 0.000000
[40] Max : -15.267962 40.585411 -0.399996 0.000000
[41] Min : -15.737376 39.226688 -0.800014 0.000000
[41] Max : -14.307178 41.441391 -0.399990 0.000000
[42] Min : -15.008721 39.233799 -0.692829 0.000000
[42] Max : -14.200007 41.272240 0.400016 0.000000
[43] Min : -17.338329 39.323746 -0.692834 0.000000
[43] Max : -15.400002 41.262074 0.000010 0.000000
[44] Min : -17.517651 38.230919 -0.800007 0.000000
[44] Max : -15.302938 39.792393 -0.399997 0.000000
[45] Min : -16.000006 38.591690 -0.800014 0.000000
[45] Max : -14.667953 39.923744 -0.399992 0.000000
[46] Min : -15.964448 38.359009 -0.692822 0.000000
[46] Max : -14.435266 39.888184 0.400016 0.000000
[47] Min : -17.362345 38.123741 -0.692837 0.000000
[47] Max : -15.347942 38.909195 0.400011 0.000000
[48] Min : -17.338335 39.323753 -0.400003 0.000000
[48] Max : -15.399999 41.262070 0.692825 0.000000
[49] Min : -14.985442 39.233799 -0.400013 0.000000
[49] Max : -14.200007 41.286087 0.692818 0.000000
[50] Min : -15.868624 39.226685 0.399995 0.000000
[50] Max : -14.307181 41.441387 0.800007 0.000000
[51] Min : -16.661671 39.191685 0.399989 0.000000
[51] Max : -15.267954 40.585430 0.800007 0.000000
[52] Min : -17.362345 38.123741 -0.400007 0.000000
[52] Max : -15.336841 38.932468 0.692826 0.000000
[53] Min : -15.964448 38.359009 -0.400012 0.000000
[53] Max : -14.435266 39.888184 0.692820 0.000000
[54] Min : -15.999990 38.591698 0.399984 0.000000
[54] Max : -14.667949 39.923737 0.800007 0.000000
[55] Min : -17.517628 38.230923 0.399984 0.000000
[55] Max : -15.302937 39.661102 0.800015 0.000000
[56] Min : -19.799994 39.233799 -0.400008 0.000000
[56] Max : -18.991301 41.286091 0.692820 0.000000
[57] Min : -18.599985 39.323753 -0.400007 0.000000
[57] Max : -16.661671 41.262066 0.692825 0.000000
[58] Min : -18.732029 39.191696 0.399979 0.000000
[58] Max : -17.338335 40.585415 0.800007 0.000000
[59] Min : -19.692806 39.226677 0.399985 0.000000
[59] Max : -18.262646 41.441380 0.800007 0.000000
[60] Min : -19.564718 38.359009 -0.400007 0.000000
[60] Max : -18.035553 39.888195 0.692818 0.000000
[61] Min : -18.689951 38.123741 -0.400007 0.000000
[61] Max : -16.637640 38.909187 0.692832 0.000000
[62] Min : -18.697065 38.230923 0.399993 0.000000
[62] Max : -16.482365 39.792381 0.800015 0.000000
[63] Min : -19.332048 38.591694 0.399990 0.000000
[63] Max : -18.000004 39.923740 0.800007 0.000000
[64] Min : 0.000000 0.000000 0.000000 0.000000
[64] Max : 0.000000 0.000000 0.000000 0.000000
[65] Min : 0.000000 0.000000 0.000000 0.000000
[65] Max : 0.000000 0.000000 0.000000 0.000000
[66] Min : 0.000000 0.000000 0.000000 0.000000
[66] Max : 0.000000 0.000000 0.000000 0.000000
[67] Min : 0.000000 0.000000 0.000000 0.000000
[67] Max : 0.000000 0.000000 0.000000 0.000000
[68] Min : 0.000000 0.000000 0.000000 0.000000
[68] Max : 0.000000 0.000000 0.000000 0.000000
[69] Min : 0.000000 0.000000 0.000000 0.000000
[69] Max : 0.000000 0.000000 0.000000 0.000000
[70] Min : 0.000000 0.000000 0.000000 0.000000
[70] Max : 0.000000 0.000000 0.000000 0.000000
[71] Min : 0.000000 0.000000 0.000000 0.000000
[71] Max : 0.000000 0.000000 0.000000 0.000000
[72] Min : 0.000000 0.000000 0.000000 0.000000
[72] Max : 0.000000 0.000000 0.000000 0.000000
[73] Min : 0.000000 0.000000 0.000000 0.000000
[73] Max : 0.000000 0.000000 0.000000 0.000000
[74] Min : 0.000000 0.000000 0.000000 0.000000
[74] Max : 0.000000 0.000000 0.000000 0.000000
[75] Min : 0.000000 0.000000 0.000000 0.000000
[75] Max : 0.000000 0.000000 0.000000 0.000000
[76] Min : 0.000000 0.000000 0.000000 0.000000
[76] Max : 0.000000 0.000000 0.000000 0.000000
[77] Min : 0.000000 0.000000 0.000000 0.000000
[77] Max : 0.000000 0.000000 0.000000 0.000000
[78] Min : 0.000000 0.000000 0.000000 0.000000
[78] Max : 0.000000 0.000000 0.000000 0.000000
[79] Min : 0.000000 0.000000 0.000000 0.000000
[79] Max : 0.000000 0.000000 0.000000 0.000000
[80] Min : 0.000000 0.000000 0.000000 0.000000
[80] Max : 0.000000 0.000000 0.000000 0.000000
[81] Min : 0.000000 0.000000 0.000000 0.000000
[81] Max : 0.000000 0.000000 0.000000 0.000000
[82] Min : 0.000000 0.000000 0.000000 0.000000
[82] Max : 0.000000 0.000000 0.000000 0.000000
[83] Min : 0.000000 0.000000 0.000000 0.000000
[83] Max : 0.000000 0.000000 0.000000 0.000000
[84] Min : 0.000000 0.000000 0.000000 0.000000
[84] Max : 0.000000 0.000000 0.000000 0.000000
[85] Min : 0.000000 0.000000 0.000000 0.000000
[85] Max : 0.000000 0.000000 0.000000 0.000000
[86] Min : 0.000000 0.000000 0.000000 0.000000
[86] Max : 0.000000 0.000000 0.000000 0.000000
[87] Min : 0.000000 0.000000 0.000000 0.000000
[87] Max : 0.000000 0.000000 0.000000 0.000000
[88] Min : 0.000000 0.000000 0.000000 0.000000
[88] Max : 0.000000 0.000000 0.000000 0.000000
[89] Min : 0.000000 0.000000 0.000000 0.000000
[89] Max : 0.000000 0.000000 0.000000 0.000000
[90] Min : 0.000000 0.000000 0.000000 0.000000
[90] Max : 0.000000 0.000000 0.000000 0.000000
[91] Min : 0.000000 0.000000 0.000000 0.000000
[91] Max : 0.000000 0.000000 0.000000 0.000000
[92] Min : 0.000000 0.000000 0.000000 0.000000
[92] Max : 0.000000 0.000000 0.000000 0.000000
[93] Min : 0.000000 0.000000 0.000000 0.000000
[93] Max : 0.000000 0.000000 0.000000 0.000000
[94] Min : 0.000000 0.000000 0.000000 0.000000
[94] Max : 0.000000 0.000000 0.000000 0.000000
[95] Min : 0.000000 0.000000 0.000000 0.000000
[95] Max : 0.000000 0.000000 0.000000 0.000000
[96] Min : 0.000000 0.000000 0.000000 0.000000
[96] Max : 0.000000 0.000000 0.000000 0.000000
[97] Min : 0.000000 0.000000 0.000000 0.000000
[97] Max : 0.000000 0.000000 0.000000 0.000000
[98] Min : 0.000000 0.000000 0.000000 0.000000
[98] Max : 0.000000 0.000000 0.000000 0.000000
[99] Min : 0.000000 0.000000 0.000000 0.000000
[99] Max : 0.000000 0.000000 0.000000 0.000000
[100] Min : 0.000000 0.000000 0.000000 0.000000
[100] Max : 0.000000 0.000000 0.000000 0.000000
[101] Min : 0.000000 0.000000 0.000000 0.000000
[101] Max : 0.000000 0.000000 0.000000 0.000000
[102] Min : 0.000000 0.000000 0.000000 0.000000
[102] Max : 0.000000 0.000000 0.000000 0.000000
[103] Min : 0.000000 0.000000 0.000000 0.000000
[103] Max : 0.000000 0.000000 0.000000 0.000000
[104] Min : 0.000000 0.000000 0.000000 0.000000
[104] Max : 0.000000 0.000000 0.000000 0.000000
[105] Min : 0.000000 0.000000 0.000000 0.000000
[105] Max : 0.000000 0.000000 0.000000 0.000000
[106] Min : 0.000000 0.000000 0.000000 0.000000
[106] Max : 0.000000 0.000000 0.000000 0.000000
[107] Min : 0.000000 0.000000 0.000000 0.000000
[107] Max : 0.000000 0.000000 0.000000 0.000000
[108] Min : 0.000000 0.000000 0.000000 0.000000
[108] Max : 0.000000 0.000000 0.000000 0.000000
[109] Min : 0.000000 0.000000 0.000000 0.000000
[109] Max : 0.000000 0.000000 0.000000 0.000000
[110] Min : 0.000000 0.000000 0.000000 0.000000
[110] Max : 0.000000 0.000000 0.000000 0.000000
[111] Min : 0.000000 0.000000 0.000000 0.000000
[111] Max : 0.000000 0.000000 0.000000 0.000000
[112] Min : 0.000000 0.000000 0.000000 0.000000
[112] Max : 0.000000 0.000000 0.000000 0.000000
[113] Min : 0.000000 0.000000 0.000000 0.000000
[113] Max : 0.000000 0.000000 0.000000 0.000000
[114] Min : 0.000000 0.000000 0.000000 0.000000
[114] Max : 0.000000 0.000000 0.000000 0.000000
[115] Min : 0.000000 0.000000 0.000000 0.000000
[115] Max : 0.000000 0.000000 0.000000 0.000000
[116] Min : 0.000000 0.000000 0.000000 0.000000
[116] Max : 0.000000 0.000000 0.000000 0.000000
[117] Min : 0.000000 0.000000 0.000000 0.000000
[117] Max : 0.000000 0.000000 0.000000 0.000000
[118] Min : 0.000000 0.000000 0.000000 0.000000
[118] Max : 0.000000 0.000000 0.000000 0.000000
[119] Min : 0.000000 0.000000 0.000000 0.000000
[119] Max : 0.000000 0.000000 0.000000 0.000000
[120] Min : 0.000000 0.000000 0.000000 0.000000
[120] Max : 0.000000 0.000000 0.000000 0.000000
[121] Min : 0.000000 0.000000 0.000000 0.000000
[121] Max : 0.000000 0.000000 0.000000 0.000000
[122] Min : 0.000000 0.000000 0.000000 0.000000
[122] Max : 0.000000 0.000000 0.000000 0.000000
[123] Min : 0.000000 0.000000 0.000000 0.000000
[123] Max : 0.000000 0.000000 0.000000 0.000000
[124] Min : 0.000000 0.000000 0.000000 0.000000
[124] Max : 0.000000 0.000000 0.000000 0.000000
[125] Min : 0.000000 0.000000 0.000000 0.000000
[125] Max : 0.000000 0.000000 0.000000 0.000000
[126] Min : 0.000000 0.000000 0.000000 0.000000
[126] Max : 0.000000 0.000000 0.000000 0.000000
[127] Min : 0.000000 0.000000 0.000000 0.000000
[127] Max : 0.000000 0.000000 0.000000 0.000000
