[0] Min : 26.100002 44.499996 -12.724998 0.000000
[0] Max : 27.500000 45.899998 -4.774999 0.000000
[1] Min : 28.900002 44.499996 -12.724998 0.000000
[1] Max : 30.299999 45.899998 -4.774999 0.000000
[2] Min : 28.900002 44.499996 3.175001 0.000000
[2] Max : 30.299999 45.899998 11.125000 0.000000
[3] Min : 26.100002 44.499996 3.175001 0.000000
[3] Max : 27.500000 45.899998 11.125000 0.000000
[4] Min : 26.100002 41.700001 -12.724998 0.000000
[4] Max : 27.500000 43.100002 -4.774999 0.000000
[5] Min : 28.900002 41.700001 -12.724998 0.000000
[5] Max : 30.299999 43.100002 -4.774999 0.000000
[6] Min : 28.900002 41.700001 3.175001 0.000000
[6] Max : 30.299999 43.100002 11.125000 0.000000
[7] Min : 26.100002 41.700001 3.175001 0.000000
[7] Max : 27.500000 43.100002 11.125000 0.000000
[8] Min : 31.700001 44.499996 -12.724998 0.000000
[8] Max : 33.100002 45.899998 -4.774999 0.000000
[9] Min : 34.499996 44.499996 -12.724998 0.000000
[9] Max : 35.899998 45.899998 -4.774999 0.000000
[10] Min : 34.499996 44.499996 3.175001 0.000000
[10] Max : 35.899998 45.899998 11.125000 0.000000
[11] Min : 31.700001 44.499996 3.175001 0.000000
[11] Max : 33.100002 45.899998 11.125000 0.000000
[12] Min : 31.700001 41.700001 -12.724998 0.000000
[12] Max : 33.100002 43.100002 -4.774999 0.000000
[13] Min : 34.499996 41.700001 -12.724998 0.000000
[13] Max : 35.899998 43.100002 -4.774999 0.000000
[14] Min : 34.499996 41.700001 3.175001 0.000000
[14] Max : 35.899998 43.100002 11.125000 0.000000
[15] Min : 31.700001 41.700001 3.175001 0.000000
[15] Max : 33.100002 43.100002 11.125000 0.000000
[16] Min : 31.700001 44.499996 19.074999 0.000000
[16] Max : 33.100002 45.899998 27.025000 0.000000
[17] Min : 34.499996 44.499996 19.074999 0.000000
[17] Max : 35.899998 45.899998 27.025000 0.000000
[18] Min : 34.499996 44.499996 34.975002 0.000000
[18] Max : 35.899998 45.899998 42.924999 0.000000
[19] Min : 31.700001 44.499996 34.975002 0.000000
[19] Max : 33.100002 45.899998 42.924999 0.000000
[20] Min : 31.700001 41.700001 19.074999 0.000000
[20] Max : 33.100002 43.100002 27.025000 0.000000
[21] Min : 34.499996 41.700001 19.074999 0.000000
[21] Max : 35.899998 43.100002 27.025000 0.000000
[22] Min : 34.499996 41.700001 34.975002 0.000000
[22] Max : 35.899998 43.100002 42.924999 0.000000
[23] Min : 31.700001 41.700001 34.975002 0.000000
[23] Max : 33.100002 43.100002 42.924999 0.000000
[24] Min : 26.100002 44.499996 19.074999 0.000000
[24] Max : 27.500000 45.899998 27.025000 0.000000
[25] Min : 28.900002 44.499996 19.074999 0.000000
[25] Max : 30.299999 45.899998 27.025000 0.000000
[26] Min : 28.900002 44.499996 34.975002 0.000000
[26] Max : 30.299999 45.899998 42.924999 0.000000
[27] Min : 26.100002 44.499996 34.975002 0.000000
[27] Max : 27.500000 45.899998 42.924999 0.000000
[28] Min : 26.100002 41.700001 19.074999 0.000000
[28] Max : 27.500000 43.100002 27.025000 0.000000
[29] Min : 28.900002 41.700001 19.074999 0.000000
[29] Max : 30.299999 43.100002 27.025000 0.000000
[30] Min : 28.900002 41.700001 34.975002 0.000000
[30] Max : 30.299999 43.100002 42.924999 0.000000
[31] Min : 26.100002 41.700001 34.975002 0.000000
[31] Max : 27.500000 43.100002 42.924999 0.000000
[32] Min : 26.100002 38.899998 -12.724998 0.000000
[32] Max : 27.500000 40.299999 -4.774999 0.000000
[33] Min : 28.900002 38.899998 -12.724998 0.000000
[33] Max : 30.299999 40.299999 -4.774999 0.000000
[34] Min : 28.900002 38.899998 3.175001 0.000000
[34] Max : 30.299999 40.299999 11.125000 0.000000
[35] Min : 26.100002 38.899998 3.175001 0.000000
[35] Max : 27.500000 40.299999 11.125000 0.000000
[36] Min : 26.100002 36.100002 -12.724998 0.000000
[36] Max : 27.500000 37.500004 -4.774999 0.000000
[37] Min : 28.900002 36.100002 -12.724998 0.000000
[37] Max : 30.299999 37.500004 -4.774999 0.000000
[38] Min : 28.900002 36.100002 3.175001 0.000000
[38] Max : 30.299999 37.500004 11.125000 0.000000
[39] Min : 26.100002 36.100002 3.175001 0.000000
[39] Max : 27.500000 37.500004 11.125000 0.000000
[40] Min : 31.700001 38.899998 -12.724998 0.000000
[40] Max : 33.100002 40.299999 -4.774999 0.000000
[41] Min : 34.499996 38.899998 -12.724998 0.000000
[41] Max : 35.899998 40.299999 -4.774999 0.000000
[42] Min : 34.499996 38.899998 3.175001 0.000000
[42] Max : 35.899998 40.299999 11.125000 0.000000
[43] Min : 31.700001 38.899998 3.175001 0.000000
[43] Max : 33.100002 40.299999 11.125000 0.000000
[44] Min : 31.700001 36.100002 -12.724998 0.000000
[44] Max : 33.100002 37.500004 -4.774999 0.000000
[45] Min : 34.499996 36.100002 -12.724998 0.000000
[45] Max : 35.899998 37.500004 -4.774999 0.000000
[46] Min : 34.499996 36.100002 3.175001 0.000000
[46] Max : 35.899998 37.500004 11.125000 0.000000
[47] Min : 31.700001 36.100002 3.175001 0.000000
[47] Max : 33.100002 37.500004 11.125000 0.000000
[48] Min : 31.700001 38.899998 19.074999 0.000000
[48] Max : 33.100002 40.299999 27.025000 0.000000
[49] Min : 34.499996 38.899998 19.074999 0.000000
[49] Max : 35.899998 40.299999 27.025000 0.000000
[50] Min : 34.499996 38.899998 34.975002 0.000000
[50] Max : 35.899998 40.299999 42.924999 0.000000
[51] Min : 31.700001 38.899998 34.975002 0.000000
[51] Max : 33.100002 40.299999 42.924999 0.000000
[52] Min : 31.700001 36.100002 19.074999 0.000000
[52] Max : 33.100002 37.500004 27.025000 0.000000
[53] Min : 34.499996 36.100002 19.074999 0.000000
[53] Max : 35.899998 37.500004 27.025000 0.000000
[54] Min : 34.499996 36.100002 34.975002 0.000000
[54] Max : 35.899998 37.500004 42.924999 0.000000
[55] Min : 31.700001 36.100002 34.975002 0.000000
[55] Max : 33.100002 37.500004 42.924999 0.000000
[56] Min : 26.100002 38.899998 19.074999 0.000000
[56] Max : 27.500000 40.299999 27.025000 0.000000
[57] Min : 28.900002 38.899998 19.074999 0.000000
[57] Max : 30.299999 40.299999 27.025000 0.000000
[58] Min : 28.900002 38.899998 34.975002 0.000000
[58] Max : 30.299999 40.299999 42.924999 0.000000
[59] Min : 26.100002 38.899998 34.975002 0.000000
[59] Max : 27.500000 40.299999 42.924999 0.000000
[60] Min : 26.100002 36.100002 19.074999 0.000000
[60] Max : 27.500000 37.500004 27.025000 0.000000
[61] Min : 28.900002 36.100002 19.074999 0.000000
[61] Max : 30.299999 37.500004 27.025000 0.000000
[62] Min : 28.900002 36.100002 34.975002 0.000000
[62] Max : 30.299999 37.500004 42.924999 0.000000
[63] Min : 26.100002 36.100002 34.975002 0.000000
[63] Max : 27.500000 37.500004 42.924999 0.000000
[64] Min : 6.089077 60.800125 1.587608 0.000000
[64] Max : 8.064899 62.715164 3.895263 0.000000
[65] Min : 10.040722 60.800125 1.587608 0.000000
[65] Max : 12.016544 62.715164 3.895263 0.000000
[66] Min : 10.040722 60.800125 6.202918 0.000000
[66] Max : 12.016544 62.715164 8.510572 0.000000
[67] Min : 6.089077 60.800125 6.202918 0.000000
[67] Max : 8.064899 62.715164 8.510572 0.000000
[68] Min : 6.089077 56.970039 1.587608 0.000000
[68] Max : 8.064899 58.885078 3.895263 0.000000
[69] Min : 10.040722 56.970039 1.587608 0.000000
[69] Max : 12.016544 58.885078 3.895263 0.000000
[70] Min : 28.247713 37.988548 -0.400010 0.000000
[70] Max : 32.794735 43.493137 0.692830 0.000000
[71] Min : 6.089077 56.970039 6.202918 0.000000
[71] Max : 8.064899 58.885078 8.510572 0.000000
[72] Min : 13.992367 60.800125 1.587608 0.000000
[72] Max : 15.968189 62.715164 3.895263 0.000000
[73] Min : 17.944012 60.800125 1.587608 0.000000
[73] Max : 19.919834 62.715164 3.895263 0.000000
[74] Min : 17.944012 60.800125 6.202918 0.000000
[74] Max : 19.919834 62.715164 8.510572 0.000000
[75] Min : 13.992367 60.800125 6.202918 0.000000
[75] Max : 15.968189 62.715164 8.510572 0.000000
[76] Min : 13.992367 56.970039 1.587608 0.000000
[76] Max : 15.968189 58.885078 3.895263 0.000000
[77] Min : 17.944012 56.970039 1.587608 0.000000
[77] Max : 19.919834 58.885078 3.895263 0.000000
[78] Min : 17.944012 56.970039 6.202918 0.000000
[78] Max : 19.919834 58.885078 8.510572 0.000000
[79] Min : 13.992367 56.970039 6.202918 0.000000
[79] Max : 15.968189 58.885078 8.510572 0.000000
[80] Min : 13.992367 60.800125 10.818228 0.000000
[80] Max : 15.968189 62.715164 13.125883 0.000000
[81] Min : 17.944012 60.800125 10.818228 0.000000
[81] Max : 19.919834 62.715164 13.125883 0.000000
[82] Min : 17.944012 60.800125 15.433537 0.000000
[82] Max : 19.919834 62.715164 17.741192 0.000000
[83] Min : 13.992367 60.800125 15.433537 0.000000
[83] Max : 15.968189 62.715164 17.741192 0.000000
[84] Min : 13.992367 56.970039 10.818228 0.000000
[84] Max : 15.968189 58.885078 13.125883 0.000000
[85] Min : 17.944012 56.970039 10.818228 0.000000
[85] Max : 19.919834 58.885078 13.125883 0.000000
[86] Min : 17.944012 56.970039 15.433537 0.000000
[86] Max : 19.919834 58.885078 17.741192 0.000000
[87] Min : 13.992367 56.970039 15.433537 0.000000
[87] Max : 15.968189 58.885078 17.741192 0.000000
[88] Min : 6.089077 60.800125 10.818228 0.000000
[88] Max : 8.064899 62.715164 13.125883 0.000000
[89] Min : 10.040722 60.800125 10.818228 0.000000
[89] Max : 12.016544 62.715164 13.125883 0.000000
[90] Min : 10.040722 60.800125 15.433537 0.000000
[90] Max : 12.016544 62.715164 17.741192 0.000000
[91] Min : 6.089077 60.800125 15.433537 0.000000
[91] Max : 8.064899 62.715164 17.741192 0.000000
[92] Min : 6.089077 56.970039 10.818228 0.000000
[92] Max : 8.064899 58.885078 13.125883 0.000000
[93] Min : 10.040722 56.970039 10.818228 0.000000
[93] Max : 12.016544 58.885078 13.125883 0.000000
[94] Min : 10.040722 56.970039 15.433537 0.000000
[94] Max : 12.016544 58.885078 17.741192 0.000000
[95] Min : 6.089077 56.970039 15.433537 0.000000
[95] Max : 8.064899 58.885078 17.741192 0.000000
[96] Min : 6.089077 53.139954 1.587608 0.000000
[96] Max : 8.064899 55.054993 3.895263 0.000000
[97] Min : 10.040722 53.139954 1.587608 0.000000
[97] Max : 12.016544 55.054993 3.895263 0.000000
[98] Min : 31.000027 39.346737 0.000003 0.000000
[98] Max : 32.545490 43.493137 0.692799 0.000000
[99] Min : 6.089077 53.139954 6.202918 0.000000
[99] Max : 8.064899 55.054993 8.510572 0.000000
[100] Min : 6.089077 49.309868 1.587608 0.000000
[100] Max : 8.064899 51.224907 3.895263 0.000000
[101] Min : 10.040722 49.309868 1.587608 0.000000
[101] Max : 12.016544 51.224907 3.895263 0.000000
[102] Min : 10.040722 49.309868 6.202918 0.000000
[102] Max : 12.016544 51.224907 8.510572 0.000000
[103] Min : 6.089077 49.309868 6.202918 0.000000
[103] Max : 8.064899 51.224907 8.510572 0.000000
[104] Min : 13.992367 53.139954 1.587608 0.000000
[104] Max : 15.968189 55.054993 3.895263 0.000000
[105] Min : 17.944012 53.139954 1.587608 0.000000
[105] Max : 19.919834 55.054993 3.895263 0.000000
[106] Min : 17.944012 53.139954 6.202918 0.000000
[106] Max : 19.919834 55.054993 8.510572 0.000000
[107] Min : 31.000027 39.346722 -0.400014 0.000000
[107] Max : 31.207060 43.493137 0.746413 0.000000
[108] Min : 13.992367 49.309868 1.587608 0.000000
[108] Max : 15.968189 51.224907 3.895263 0.000000
[109] Min : 17.944012 49.309868 1.587608 0.000000
[109] Max : 19.919834 51.224907 3.895263 0.000000
[110] Min : 17.944012 49.309868 6.202918 0.000000
[110] Max : 19.919834 51.224907 8.510572 0.000000
[111] Min : 13.992367 49.309868 6.202918 0.000000
[111] Max : 15.968189 51.224907 8.510572 0.000000
[112] Min : 29.454529 38.000313 -0.399998 0.000000
[112] Max : 31.696939 43.493137 0.400006 0.000000
[113] Min : 17.944012 53.139954 10.818228 0.000000
[113] Max : 19.919834 55.054993 13.125883 0.000000
[114] Min : 17.944012 53.139954 15.433537 0.000000
[114] Max : 19.919834 55.054993 17.741192 0.000000
[115] Min : 13.992367 53.139954 15.433537 0.000000
[115] Max : 15.968189 55.054993 17.741192 0.000000
[116] Min : 13.992367 49.309868 10.818228 0.000000
[116] Max : 15.968189 51.224907 13.125883 0.000000
[117] Min : 17.944012 49.309868 10.818228 0.000000
[117] Max : 19.919834 51.224907 13.125883 0.000000
[118] Min : 17.944012 49.309868 15.433537 0.000000
[118] Max : 19.919834 51.224907 17.741192 0.000000
[119] Min : 13.992367 49.309868 15.433537 0.000000
[119] Max : 15.968189 51.224907 17.741192 0.000000
[120] Min : 6.089077 53.139954 10.818228 0.000000
[120] Max : 8.064899 55.054993 13.125883 0.000000
[121] Min : 10.040722 53.139954 10.818228 0.000000
[121] Max : 12.016544 55.054993 13.125883 0.000000
[122] Min : 10.040722 53.139954 15.433537 0.000000
[122] Max : 12.016544 55.054993 17.741192 0.000000
[123] Min : 6.089077 53.139954 15.433537 0.000000
[123] Max : 8.064899 55.054993 17.741192 0.000000
[124] Min : 6.089077 49.309868 10.818228 0.000000
[124] Max : 8.064899 51.224907 13.125883 0.000000
[125] Min : 10.040722 49.309868 10.818228 0.000000
[125] Max : 12.016544 51.224907 13.125883 0.000000
[126] Min : 10.040722 49.309868 15.433537 0.000000
[126] Max : 12.016544 51.224907 17.741192 0.000000
[127] Min : 6.089077 49.309868 15.433537 0.000000
[127] Max : 8.064899 51.224907 17.741192 0.000000
