[0] 374 0
[1] 487 0
[2] 498 0
[3] 500 0
[4] 501 0
[5] 522 0
[6] 523 0
[7] 524 0
[8] 525 0
[9] 1100 0
[10] 1101 0
[11] 1102 0
[12] 1103 0
[13] 1104 0
[14] 1105 0
[15] 1122 0
[16] 1124 0
[17] 1125 0
[18] 1354 0
[19] 1355 0
[20] 1356 0
[21] 1364 0
[22] 1365 0
[23] 1366 0
[24] 15 1
[25] 16 1
[26] 17 1
[27] 18 1
[28] 19 1
[29] 20 1
[30] 21 1
[31] 43 1
[32] 246 1
[33] 374 1
[34] 487 1
[35] 522 1
[36] 523 1
[37] 544 1
[38] 545 1
[39] 546 1
[40] 547 1
[41] 548 1
[42] 549 1
[43] 566 1
[44] 567 1
[45] 570 1
[46] 571 1
[47] 572 1
[48] 573 1
[49] 610 1
[50] 611 1
[51] 640 1
[52] 641 1
[53] 666 1
[54] 668 1
[55] 670 1
[56] 1122 1
[57] 1123 1
[58] 1125 1
[59] 1140 1
[60] 1141 1
[61] 1142 1
[62] 1143 1
[63] 1144 1
[64] 1145 1
[65] 1146 1
[66] 1147 1
[67] 1162 1
[68] 1163 1
[69] 1164 1
[70] 1165 1
[71] 1364 1
[72] 1365 1
[73] 1372 1
[74] 1373 1
[75] 1374 1
[76] 1382 1
[77] 1384 1
[78] 1385 1
[79] 21 2
[80] 22 2
[81] 23 2
[82] 504 2
[83] 528 2
[84] 529 2
[85] 549 2
[86] 550 2
[87] 551 2
[88] 552 2
[89] 553 2
[90] 573 2
[91] 574 2
[92] 575 2
[93] 672 2
[94] 1109 2
[95] 1125 2
[96] 1126 2
[97] 1127 2
[98] 1129 2
[99] 1146 2
[100] 1147 2
[101] 1148 2
[102] 1149 2
[103] 1164 2
[104] 1165 2
[105] 1166 2
[106] 1167 2
[107] 1366 2
[108] 1367 2
[109] 1370 2
[110] 1371 2
[111] 1374 2
[112] 1375 2
[113] 1378 2
[114] 1379 2
[115] 1382 2
[116] 1383 2
[117] 456 3
[118] 480 3
[119] 481 3
[120] 502 3
[121] 503 3
[122] 504 3
[123] 505 3
[124] 525 3
[125] 526 3
[126] 527 3
[127] 529 3
[128] 551 3
[129] 1067 3
[130] 1086 3
[131] 1087 3
[132] 1089 3
[133] 1104 3
[134] 1105 3
[135] 1106 3
[136] 1107 3
[137] 1109 3
[138] 1124 3
[139] 1126 3
[140] 1127 3
[141] 1350 3
[142] 1351 3
[143] 1356 3
[144] 1357 3
[145] 1358 3
[146] 1359 3
[147] 1366 3
[148] 1367 3
[149] 1370 3
[150] 1371 3
[151] 232 4
[152] 389 4
[153] 446 4
[154] 447 4
[155] 448 4
[156] 449 4
[157] 450 4
[158] 451 4
[159] 452 4
[160] 453 4
[161] 471 4
[162] 474 4
[163] 475 4
[164] 476 4
[165] 477 4
[166] 497 4
[167] 498 4
[168] 499 4
[169] 500 4
[170] 501 4
[171] 628 4
[172] 629 4
[173] 1056 4
[174] 1057 4
[175] 1058 4
[176] 1059 4
[177] 1060 4
[178] 1061 4
[179] 1062 4
[180] 1063 4
[181] 1080 4
[182] 1082 4
[183] 1083 4
[184] 1084 4
[185] 1085 4
[186] 1100 4
[187] 1102 4
[188] 1103 4
[189] 1334 4
[190] 1335 4
[191] 1336 4
[192] 1344 4
[193] 1345 4
[194] 1346 4
[195] 1354 4
[196] 294 5
[197] 374 5
[198] 470 5
[199] 471 5
[200] 494 5
[201] 495 5
[202] 496 5
[203] 497 5
[204] 521 5
[205] 542 5
[206] 543 5
[207] 544 5
[208] 545 5
[209] 610 5
[210] 611 5
[211] 612 5
[212] 613 5
[213] 628 5
[214] 629 5
[215] 1080 5
[216] 1081 5
[217] 1098 5
[218] 1099 5
[219] 1100 5
[220] 1101 5
[221] 1140 5
[222] 1141 5
[223] 13 6
[224] 14 6
[225] 15 6
[226] 294 6
[227] 444 6
[228] 445 6
[229] 446 6
[230] 468 6
[231] 469 6
[232] 470 6
[233] 471 6
[234] 494 6
[235] 495 6
[236] 516 6
[237] 517 6
[238] 540 6
[239] 541 6
[240] 542 6
[241] 543 6
[242] 564 6
[243] 565 6
[244] 566 6
[245] 567 6
[246] 577 6
[247] 578 6
[248] 580 6
[249] 581 6
[250] 612 6
[251] 613 6
[252] 664 6
[253] 1054 6
[254] 1055 6
[255] 1057 6
[256] 1078 6
[257] 1079 6
[258] 1081 6
[259] 1099 6
[260] 1120 6
[261] 1121 6
[262] 1138 6
[263] 1139 6
[264] 1141 6
[265] 1160 6
[266] 1161 6
[267] 1163 6
[268] 432 7
[269] 454 7
[270] 455 7
[271] 456 7
[272] 457 7
[273] 477 7
[274] 478 7
[275] 479 7
[276] 481 7
[277] 501 7
[278] 502 7
[279] 503 7
[280] 1045 7
[281] 1062 7
[282] 1063 7
[283] 1064 7
[284] 1065 7
[285] 1067 7
[286] 1084 7
[287] 1085 7
[288] 1086 7
[289] 1087 7
[290] 1104 7
[291] 1332 7
[292] 1333 7
[293] 1336 7
[294] 1337 7
[295] 1338 7
[296] 1339 7
[297] 1346 7
[298] 1347 7
[299] 1350 7
[300] 1351 7
[301] 14 8
[302] 15 8
[303] 16 8
[304] 17 8
[305] 18 8
[306] 19 8
[307] 20 8
[308] 21 8
[309] 39 8
[310] 43 8
[311] 44 8
[312] 45 8
[313] 65 8
[314] 66 8
[315] 67 8
[316] 68 8
[317] 69 8
[318] 88 8
[319] 103 8
[320] 187 8
[321] 534 8
[322] 571 8
[323] 590 8
[324] 591 8
[325] 638 8
[326] 639 8
[327] 640 8
[328] 641 8
[329] 666 8
[330] 667 8
[331] 668 8
[332] 669 8
[333] 670 8
[334] 671 8
[335] 672 8
[336] 673 8
[337] 690 8
[338] 692 8
[339] 693 8
[340] 694 8
[341] 695 8
[342] 712 8
[343] 714 8
[344] 715 8
[345] 1162 8
[346] 1163 8
[347] 1165 8
[348] 1172 8
[349] 1173 8
[350] 1174 8
[351] 1182 8
[352] 1190 8
[353] 1384 8
[354] 1385 8
[355] 66 9
[356] 68 9
[357] 69 9
[358] 90 9
[359] 91 9
[360] 92 9
[361] 93 9
[362] 439 9
[363] 576 9
[364] 712 9
[365] 713 9
[366] 714 9
[367] 715 9
[368] 716 9
[369] 717 9
[370] 736 9
[371] 738 9
[372] 739 9
[373] 1190 9
[374] 1191 9
[375] 1192 9
[376] 1200 9
[377] 1201 9
[378] 1202 9
[379] 24 10
[380] 48 10
[381] 49 10
[382] 70 10
[383] 71 10
[384] 72 10
[385] 73 10
[386] 93 10
[387] 94 10
[388] 95 10
[389] 97 10
[390] 119 10
[391] 677 10
[392] 696 10
[393] 697 10
[394] 699 10
[395] 716 10
[396] 717 10
[397] 718 10
[398] 719 10
[399] 721 10
[400] 738 10
[401] 740 10
[402] 741 10
[403] 1186 10
[404] 1187 10
[405] 1192 10
[406] 1193 10
[407] 1194 10
[408] 1195 10
[409] 1202 10
[410] 1203 10
[411] 1206 10
[412] 1207 10
[413] 0 11
[414] 7 11
[415] 21 11
[416] 22 11
[417] 23 11
[418] 24 11
[419] 25 11
[420] 45 11
[421] 46 11
[422] 47 11
[423] 49 11
[424] 69 11
[425] 70 11
[426] 71 11
[427] 672 11
[428] 673 11
[429] 674 11
[430] 675 11
[431] 677 11
[432] 693 11
[433] 694 11
[434] 696 11
[435] 697 11
[436] 716 11
[437] 1165 11
[438] 1167 11
[439] 1168 11
[440] 1169 11
[441] 1174 11
[442] 1175 11
[443] 1176 11
[444] 1177 11
[445] 1182 11
[446] 1183 11
[447] 1186 11
[448] 1187 11
[449] 1382 11
[450] 1383 11
[451] 38 12
[452] 39 12
[453] 62 12
[454] 63 12
[455] 64 12
[456] 65 12
[457] 86 12
[458] 87 12
[459] 110 12
[460] 111 12
[461] 112 12
[462] 113 12
[463] 576 12
[464] 584 12
[465] 585 12
[466] 590 12
[467] 591 12
[468] 690 12
[469] 691 12
[470] 710 12
[471] 711 12
[472] 712 12
[473] 713 12
[474] 734 12
[475] 735 12
[476] 754 12
[477] 755 12
[478] 90 13
[479] 91 13
[480] 112 13
[481] 113 13
[482] 114 13
[483] 115 13
[484] 116 13
[485] 117 13
[486] 134 13
[487] 135 13
[488] 140 13
[489] 141 13
[490] 159 13
[491] 160 13
[492] 161 13
[493] 162 13
[494] 163 13
[495] 164 13
[496] 165 13
[497] 329 13
[498] 390 13
[499] 439 13
[500] 486 13
[501] 519 13
[502] 576 13
[503] 584 13
[504] 585 13
[505] 614 13
[506] 615 13
[507] 652 13
[508] 653 13
[509] 736 13
[510] 737 13
[511] 739 13
[512] 754 13
[513] 755 13
[514] 756 13
[515] 757 13
[516] 758 13
[517] 759 13
[518] 760 13
[519] 761 13
[520] 778 13
[521] 779 13
[522] 780 13
[523] 781 13
[524] 782 13
[525] 783 13
[526] 798 13
[527] 800 13
[528] 802 13
[529] 1200 13
[530] 1201 13
[531] 1208 13
[532] 1209 13
[533] 1210 13
[534] 1218 13
[535] 72 14
[536] 96 14
[537] 97 14
[538] 117 14
[539] 118 14
[540] 119 14
[541] 120 14
[542] 121 14
[543] 141 14
[544] 142 14
[545] 143 14
[546] 165 14
[547] 166 14
[548] 167 14
[549] 721 14
[550] 739 14
[551] 740 14
[552] 741 14
[553] 743 14
[554] 760 14
[555] 761 14
[556] 762 14
[557] 763 14
[558] 781 14
[559] 782 14
[560] 784 14
[561] 785 14
[562] 804 14
[563] 1202 14
[564] 1203 14
[565] 1206 14
[566] 1207 14
[567] 1210 14
[568] 1211 14
[569] 1212 14
[570] 1213 14
[571] 1218 14
[572] 1219 14
[573] 12 15
[574] 13 15
[575] 14 15
[576] 15 15
[577] 36 15
[578] 37 15
[579] 38 15
[580] 39 15
[581] 60 15
[582] 61 15
[583] 62 15
[584] 63 15
[585] 84 15
[586] 85 15
[587] 86 15
[588] 87 15
[589] 108 15
[590] 109 15
[591] 110 15
[592] 111 15
[593] 132 15
[594] 133 15
[595] 134 15
[596] 135 15
[597] 157 15
[598] 158 15
[599] 159 15
[600] 566 15
[601] 664 15
[602] 665 15
[603] 667 15
[604] 688 15
[605] 689 15
[606] 691 15
[607] 708 15
[608] 709 15
[609] 711 15
[610] 732 15
[611] 733 15
[612] 735 15
[613] 752 15
[614] 753 15
[615] 755 15
[616] 776 15
[617] 777 15
[618] 779 15
[619] 796 15
[620] 1160 15
[621] 1161 15
[622] 1163 15
[623] 0 16
[624] 1 16
[625] 2 16
[626] 3 16
[627] 6 16
[628] 7 16
[629] 24 16
[630] 25 16
[631] 26 16
[632] 27 16
[633] 47 16
[634] 49 16
[635] 50 16
[636] 51 16
[637] 71 16
[638] 424 16
[639] 674 16
[640] 675 16
[641] 676 16
[642] 677 16
[643] 679 16
[644] 696 16
[645] 697 16
[646] 698 16
[647] 1151 16
[648] 1153 16
[649] 1168 16
[650] 1169 16
[651] 1170 16
[652] 1171 16
[653] 1176 16
[654] 1177 16
[655] 1178 16
[656] 1179 16
[657] 1186 16
[658] 1187 16
[659] 1376 16
[660] 1377 16
[661] 24 17
[662] 48 17
[663] 49 17
[664] 50 17
[665] 71 17
[666] 72 17
[667] 73 17
[668] 74 17
[669] 75 17
[670] 95 17
[671] 97 17
[672] 119 17
[673] 677 17
[674] 696 17
[675] 697 17
[676] 698 17
[677] 699 17
[678] 701 17
[679] 718 17
[680] 719 17
[681] 720 17
[682] 721 17
[683] 740 17
[684] 741 17
[685] 1184 17
[686] 1185 17
[687] 1186 17
[688] 1187 17
[689] 1194 17
[690] 1195 17
[691] 1196 17
[692] 1197 17
[693] 1206 17
[694] 1207 17
[695] 50 18
[696] 51 18
[697] 52 18
[698] 74 18
[699] 75 18
[700] 76 18
[701] 77 18
[702] 78 18
[703] 79 18
[704] 598 18
[705] 599 18
[706] 700 18
[707] 701 18
[708] 702 18
[709] 703 18
[710] 722 18
[711] 723 18
[712] 724 18
[713] 1185 18
[714] 1188 18
[715] 1189 18
[716] 1197 18
[717] 1198 18
[718] 1199 18
[719] 2 19
[720] 3 19
[721] 8 19
[722] 9 19
[723] 26 19
[724] 27 19
[725] 28 19
[726] 29 19
[727] 30 19
[728] 31 19
[729] 32 19
[730] 33 19
[731] 51 19
[732] 52 19
[733] 53 19
[734] 55 19
[735] 136 19
[736] 150 19
[737] 198 19
[738] 328 19
[739] 343 19
[740] 424 19
[741] 425 19
[742] 556 19
[743] 558 19
[744] 560 19
[745] 598 19
[746] 599 19
[747] 600 19
[748] 601 19
[749] 656 19
[750] 657 19
[751] 658 19
[752] 659 19
[753] 660 19
[754] 661 19
[755] 678 19
[756] 679 19
[757] 680 19
[758] 681 19
[759] 682 19
[760] 683 19
[761] 700 19
[762] 702 19
[763] 703 19
[764] 1153 19
[765] 1154 19
[766] 1155 19
[767] 1157 19
[768] 1171 19
[769] 1179 19
[770] 1180 19
[771] 1181 19
[772] 1189 19
[773] 1380 19
[774] 1381 19
[775] 9 20
[776] 10 20
[777] 11 20
[778] 12 20
[779] 13 20
[780] 33 20
[781] 34 20
[782] 35 20
[783] 36 20
[784] 37 20
[785] 57 20
[786] 58 20
[787] 59 20
[788] 60 20
[789] 61 20
[790] 81 20
[791] 82 20
[792] 83 20
[793] 84 20
[794] 85 20
[795] 105 20
[796] 106 20
[797] 107 20
[798] 108 20
[799] 109 20
[800] 129 20
[801] 130 20
[802] 131 20
[803] 132 20
[804] 133 20
[805] 153 20
[806] 154 20
[807] 155 20
[808] 156 20
[809] 157 20
[810] 562 20
[811] 564 20
[812] 660 20
[813] 661 20
[814] 662 20
[815] 663 20
[816] 665 20
[817] 684 20
[818] 685 20
[819] 686 20
[820] 687 20
[821] 689 20
[822] 704 20
[823] 705 20
[824] 706 20
[825] 707 20
[826] 709 20
[827] 728 20
[828] 729 20
[829] 730 20
[830] 731 20
[831] 733 20
[832] 748 20
[833] 749 20
[834] 750 20
[835] 751 20
[836] 753 20
[837] 772 20
[838] 773 20
[839] 774 20
[840] 775 20
[841] 777 20
[842] 792 20
[843] 794 20
[844] 1156 20
[845] 1157 20
[846] 1158 20
[847] 1159 20
[848] 1161 20
[849] 72 21
[850] 96 21
[851] 97 21
[852] 98 21
[853] 99 21
[854] 119 21
[855] 120 21
[856] 121 21
[857] 122 21
[858] 123 21
[859] 143 21
[860] 145 21
[861] 146 21
[862] 147 21
[863] 721 21
[864] 723 21
[865] 740 21
[866] 741 21
[867] 742 21
[868] 743 21
[869] 745 21
[870] 762 21
[871] 763 21
[872] 764 21
[873] 765 21
[874] 767 21
[875] 784 21
[876] 786 21
[877] 1196 21
[878] 1197 21
[879] 1204 21
[880] 1205 21
[881] 1206 21
[882] 1207 21
[883] 1212 21
[884] 1213 21
[885] 1214 21
[886] 1215 21
[887] 41 22
[888] 76 22
[889] 77 22
[890] 78 22
[891] 98 22
[892] 99 22
[893] 104 22
[894] 122 22
[895] 123 22
[896] 124 22
[897] 125 22
[898] 126 22
[899] 127 22
[900] 128 22
[901] 129 22
[902] 147 22
[903] 152 22
[904] 153 22
[905] 184 22
[906] 186 22
[907] 244 22
[908] 245 22
[909] 438 22
[910] 473 22
[911] 569 22
[912] 588 22
[913] 589 22
[914] 593 22
[915] 630 22
[916] 631 22
[917] 643 22
[918] 723 22
[919] 724 22
[920] 725 22
[921] 727 22
[922] 744 22
[923] 745 22
[924] 746 22
[925] 747 22
[926] 749 22
[927] 766 22
[928] 767 22
[929] 768 22
[930] 769 22
[931] 770 22
[932] 771 22
[933] 772 22
[934] 773 22
[935] 788 22
[936] 1198 22
[937] 1199 22
[938] 1205 22
[939] 1215 22
[940] 1216 22
[941] 1217 22
[942] 32 23
[943] 33 23
[944] 56 23
[945] 57 23
[946] 78 23
[947] 79 23
[948] 80 23
[949] 81 23
[950] 104 23
[951] 105 23
[952] 150 23
[953] 245 23
[954] 343 23
[955] 438 23
[956] 598 23
[957] 682 23
[958] 683 23
[959] 684 23
[960] 685 23
[961] 704 23
[962] 705 23
[963] 726 23
[964] 727 23
[965] 728 23
[966] 729 23
[967] 748 23
[968] 749 23
[969] 456 24
[970] 480 24
[971] 481 24
[972] 482 24
[973] 503 24
[974] 504 24
[975] 505 24
[976] 506 24
[977] 507 24
[978] 527 24
[979] 529 24
[980] 551 24
[981] 1067 24
[982] 1086 24
[983] 1087 24
[984] 1088 24
[985] 1089 24
[986] 1091 24
[987] 1106 24
[988] 1107 24
[989] 1108 24
[990] 1109 24
[991] 1126 24
[992] 1127 24
[993] 1348 24
[994] 1349 24
[995] 1350 24
[996] 1351 24
[997] 1358 24
[998] 1359 24
[999] 1360 24
[1000] 1361 24
[1001] 1370 24
[1002] 1371 24
[1003] 1 25
[1004] 2 25
[1005] 3 25
[1006] 6 25
[1007] 504 25
[1008] 528 25
[1009] 529 25
[1010] 530 25
[1011] 531 25
[1012] 551 25
[1013] 552 25
[1014] 553 25
[1015] 554 25
[1016] 555 25
[1017] 575 25
[1018] 1109 25
[1019] 1111 25
[1020] 1126 25
[1021] 1127 25
[1022] 1128 25
[1023] 1129 25
[1024] 1131 25
[1025] 1148 25
[1026] 1149 25
[1027] 1150 25
[1028] 1151 25
[1029] 1153 25
[1030] 1166 25
[1031] 1360 25
[1032] 1361 25
[1033] 1368 25
[1034] 1369 25
[1035] 1370 25
[1036] 1371 25
[1037] 1376 25
[1038] 1377 25
[1039] 1378 25
[1040] 1379 25
[1041] 3 26
[1042] 8 26
[1043] 9 26
[1044] 55 26
[1045] 101 26
[1046] 136 26
[1047] 138 26
[1048] 198 26
[1049] 281 26
[1050] 328 26
[1051] 388 26
[1052] 425 26
[1053] 508 26
[1054] 509 26
[1055] 510 26
[1056] 530 26
[1057] 531 26
[1058] 536 26
[1059] 554 26
[1060] 555 26
[1061] 556 26
[1062] 557 26
[1063] 558 26
[1064] 559 26
[1065] 560 26
[1066] 561 26
[1067] 601 26
[1068] 620 26
[1069] 621 26
[1070] 632 26
[1071] 633 26
[1072] 657 26
[1073] 1111 26
[1074] 1112 26
[1075] 1113 26
[1076] 1115 26
[1077] 1130 26
[1078] 1131 26
[1079] 1132 26
[1080] 1133 26
[1081] 1135 26
[1082] 1152 26
[1083] 1153 26
[1084] 1154 26
[1085] 1155 26
[1086] 1156 26
[1087] 1157 26
[1088] 1362 26
[1089] 1363 26
[1090] 1369 26
[1091] 1377 26
[1092] 1380 26
[1093] 1381 26
[1094] 482 27
[1095] 483 27
[1096] 484 27
[1097] 506 27
[1098] 507 27
[1099] 508 27
[1100] 509 27
[1101] 510 27
[1102] 511 27
[1103] 608 27
[1104] 609 27
[1105] 1090 27
[1106] 1091 27
[1107] 1092 27
[1108] 1093 27
[1109] 1110 27
[1110] 1111 27
[1111] 1112 27
[1112] 1349 27
[1113] 1352 27
[1114] 1353 27
[1115] 1361 27
[1116] 1362 27
[1117] 1363 27
[1118] 432 28
[1119] 433 28
[1120] 434 28
[1121] 456 28
[1122] 457 28
[1123] 458 28
[1124] 459 28
[1125] 479 28
[1126] 481 28
[1127] 482 28
[1128] 483 28
[1129] 503 28
[1130] 1044 28
[1131] 1045 28
[1132] 1047 28
[1133] 1064 28
[1134] 1065 28
[1135] 1066 28
[1136] 1067 28
[1137] 1069 28
[1138] 1086 28
[1139] 1087 28
[1140] 1088 28
[1141] 1330 28
[1142] 1331 28
[1143] 1332 28
[1144] 1333 28
[1145] 1338 28
[1146] 1339 28
[1147] 1340 28
[1148] 1341 28
[1149] 1350 28
[1150] 1351 28
[1151] 9 29
[1152] 10 29
[1153] 11 29
[1154] 12 29
[1155] 13 29
[1156] 442 29
[1157] 443 29
[1158] 444 29
[1159] 465 29
[1160] 466 29
[1161] 467 29
[1162] 468 29
[1163] 469 29
[1164] 489 29
[1165] 490 29
[1166] 491 29
[1167] 513 29
[1168] 514 29
[1169] 515 29
[1170] 516 29
[1171] 517 29
[1172] 537 29
[1173] 538 29
[1174] 539 29
[1175] 540 29
[1176] 541 29
[1177] 561 29
[1178] 562 29
[1179] 563 29
[1180] 564 29
[1181] 565 29
[1182] 578 29
[1183] 580 29
[1184] 581 29
[1185] 660 29
[1186] 662 29
[1187] 1050 29
[1188] 1051 29
[1189] 1052 29
[1190] 1053 29
[1191] 1055 29
[1192] 1074 29
[1193] 1075 29
[1194] 1076 29
[1195] 1077 29
[1196] 1079 29
[1197] 1094 29
[1198] 1095 29
[1199] 1096 29
[1200] 1097 29
[1201] 1116 29
[1202] 1117 29
[1203] 1118 29
[1204] 1119 29
[1205] 1121 29
[1206] 1134 29
[1207] 1135 29
[1208] 1136 29
[1209] 1137 29
[1210] 1139 29
[1211] 1156 29
[1212] 1157 29
[1213] 1158 29
[1214] 1159 29
[1215] 1161 29
[1216] 101 30
[1217] 295 30
[1218] 376 30
[1219] 388 30
[1220] 464 30
[1221] 465 30
[1222] 488 30
[1223] 489 30
[1224] 510 30
[1225] 511 30
[1226] 512 30
[1227] 513 30
[1228] 536 30
[1229] 537 30
[1230] 608 30
[1231] 1072 30
[1232] 1073 30
[1233] 1074 30
[1234] 1075 30
[1235] 1094 30
[1236] 1095 30
[1237] 1114 30
[1238] 1115 30
[1239] 1116 30
[1240] 1117 30
[1241] 1134 30
[1242] 1135 30
[1243] 148 31
[1244] 295 31
[1245] 376 31
[1246] 391 31
[1247] 434 31
[1248] 435 31
[1249] 440 31
[1250] 441 31
[1251] 458 31
[1252] 459 31
[1253] 460 31
[1254] 461 31
[1255] 462 31
[1256] 463 31
[1257] 464 31
[1258] 465 31
[1259] 483 31
[1260] 484 31
[1261] 485 31
[1262] 493 31
[1263] 579 31
[1264] 582 31
[1265] 583 31
[1266] 608 31
[1267] 609 31
[1268] 648 31
[1269] 649 31
[1270] 1046 31
[1271] 1047 31
[1272] 1048 31
[1273] 1049 31
[1274] 1050 31
[1275] 1051 31
[1276] 1068 31
[1277] 1069 31
[1278] 1070 31
[1279] 1071 31
[1280] 1072 31
[1281] 1073 31
[1282] 1090 31
[1283] 1092 31
[1284] 1093 31
[1285] 1331 31
[1286] 1341 31
[1287] 1342 31
[1288] 1343 31
[1289] 1353 31
[1290] 5 32
[1291] 137 32
[1292] 342 32
[1293] 378 32
[1294] 379 32
[1295] 400 32
[1296] 401 32
[1297] 402 32
[1298] 403 32
[1299] 404 32
[1300] 405 32
[1301] 422 32
[1302] 423 32
[1303] 426 32
[1304] 427 32
[1305] 428 32
[1306] 429 32
[1307] 436 32
[1308] 447 32
[1309] 448 32
[1310] 449 32
[1311] 450 32
[1312] 451 32
[1313] 452 32
[1314] 453 32
[1315] 602 32
[1316] 603 32
[1317] 654 32
[1318] 655 32
[1319] 996 32
[1320] 997 32
[1321] 999 32
[1322] 1014 32
[1323] 1015 32
[1324] 1016 32
[1325] 1017 32
[1326] 1018 32
[1327] 1019 32
[1328] 1020 32
[1329] 1021 32
[1330] 1036 32
[1331] 1037 32
[1332] 1038 32
[1333] 1039 32
[1334] 1040 32
[1335] 1041 32
[1336] 1056 32
[1337] 1058 32
[1338] 1060 32
[1339] 1308 32
[1340] 1309 32
[1341] 1316 32
[1342] 1317 32
[1343] 1318 32
[1344] 1326 32
[1345] 1327 32
[1346] 1328 32
[1347] 54 33
[1348] 326 33
[1349] 327 33
[1350] 342 33
[1351] 350 33
[1352] 351 33
[1353] 352 33
[1354] 353 33
[1355] 377 33
[1356] 398 33
[1357] 399 33
[1358] 400 33
[1359] 401 33
[1360] 602 33
[1361] 603 33
[1362] 604 33
[1363] 605 33
[1364] 650 33
[1365] 651 33
[1366] 954 33
[1367] 955 33
[1368] 974 33
[1369] 975 33
[1370] 976 33
[1371] 977 33
[1372] 1014 33
[1373] 1015 33
[1374] 54 34
[1375] 278 34
[1376] 300 34
[1377] 301 34
[1378] 302 34
[1379] 303 34
[1380] 324 34
[1381] 325 34
[1382] 326 34
[1383] 327 34
[1384] 348 34
[1385] 349 34
[1386] 350 34
[1387] 351 34
[1388] 372 34
[1389] 373 34
[1390] 396 34
[1391] 397 34
[1392] 398 34
[1393] 399 34
[1394] 420 34
[1395] 421 34
[1396] 422 34
[1397] 423 34
[1398] 445 34
[1399] 446 34
[1400] 447 34
[1401] 604 34
[1402] 605 34
[1403] 908 34
[1404] 909 34
[1405] 911 34
[1406] 928 34
[1407] 929 34
[1408] 931 34
[1409] 952 34
[1410] 953 34
[1411] 955 34
[1412] 972 34
[1413] 973 34
[1414] 975 34
[1415] 994 34
[1416] 995 34
[1417] 1012 34
[1418] 1013 34
[1419] 1015 34
[1420] 1034 34
[1421] 1035 34
[1422] 1037 34
[1423] 1054 34
[1424] 360 35
[1425] 384 35
[1426] 385 35
[1427] 405 35
[1428] 406 35
[1429] 407 35
[1430] 408 35
[1431] 409 35
[1432] 429 35
[1433] 430 35
[1434] 431 35
[1435] 453 35
[1436] 454 35
[1437] 455 35
[1438] 985 35
[1439] 999 35
[1440] 1000 35
[1441] 1001 35
[1442] 1003 35
[1443] 1020 35
[1444] 1021 35
[1445] 1022 35
[1446] 1023 35
[1447] 1040 35
[1448] 1041 35
[1449] 1042 35
[1450] 1043 35
[1451] 1062 35
[1452] 1310 35
[1453] 1311 35
[1454] 1314 35
[1455] 1315 35
[1456] 1318 35
[1457] 1319 35
[1458] 1322 35
[1459] 1323 35
[1460] 1328 35
[1461] 1329 35
[1462] 5 36
[1463] 342 36
[1464] 354 36
[1465] 356 36
[1466] 357 36
[1467] 378 36
[1468] 379 36
[1469] 380 36
[1470] 381 36
[1471] 976 36
[1472] 977 36
[1473] 978 36
[1474] 979 36
[1475] 980 36
[1476] 981 36
[1477] 996 36
[1478] 998 36
[1479] 999 36
[1480] 1298 36
[1481] 1299 36
[1482] 1300 36
[1483] 1308 36
[1484] 1309 36
[1485] 1310 36
[1486] 283 37
[1487] 302 37
[1488] 303 37
[1489] 304 37
[1490] 305 37
[1491] 306 37
[1492] 307 37
[1493] 308 37
[1494] 309 37
[1495] 327 37
[1496] 330 37
[1497] 331 37
[1498] 332 37
[1499] 333 37
[1500] 353 37
[1501] 354 37
[1502] 355 37
[1503] 356 37
[1504] 357 37
[1505] 370 37
[1506] 437 37
[1507] 616 37
[1508] 617 37
[1509] 618 37
[1510] 619 37
[1511] 650 37
[1512] 651 37
[1513] 910 37
[1514] 911 37
[1515] 912 37
[1516] 913 37
[1517] 915 37
[1518] 930 37
[1519] 931 37
[1520] 932 37
[1521] 933 37
[1522] 934 37
[1523] 935 37
[1524] 936 37
[1525] 937 37
[1526] 954 37
[1527] 956 37
[1528] 957 37
[1529] 958 37
[1530] 959 37
[1531] 976 37
[1532] 978 37
[1533] 979 37
[1534] 1278 37
[1535] 1279 37
[1536] 1280 37
[1537] 1288 37
[1538] 1289 37
[1539] 1290 37
[1540] 1298 37
[1541] 264 38
[1542] 288 38
[1543] 289 38
[1544] 309 38
[1545] 310 38
[1546] 311 38
[1547] 312 38
[1548] 313 38
[1549] 333 38
[1550] 334 38
[1551] 335 38
[1552] 337 38
[1553] 357 38
[1554] 358 38
[1555] 359 38
[1556] 897 38
[1557] 913 38
[1558] 916 38
[1559] 917 38
[1560] 919 38
[1561] 936 38
[1562] 937 38
[1563] 938 38
[1564] 939 38
[1565] 941 38
[1566] 958 38
[1567] 959 38
[1568] 960 38
[1569] 961 38
[1570] 980 38
[1571] 1270 38
[1572] 1271 38
[1573] 1274 38
[1574] 1275 38
[1575] 1280 38
[1576] 1281 38
[1577] 1282 38
[1578] 1283 38
[1579] 1290 38
[1580] 1291 38
[1581] 1294 38
[1582] 1295 38
[1583] 312 39
[1584] 336 39
[1585] 337 39
[1586] 358 39
[1587] 359 39
[1588] 360 39
[1589] 361 39
[1590] 381 39
[1591] 382 39
[1592] 383 39
[1593] 385 39
[1594] 407 39
[1595] 941 39
[1596] 960 39
[1597] 961 39
[1598] 963 39
[1599] 980 39
[1600] 981 39
[1601] 982 39
[1602] 983 39
[1603] 985 39
[1604] 998 39
[1605] 1000 39
[1606] 1001 39
[1607] 1294 39
[1608] 1295 39
[1609] 1300 39
[1610] 1301 39
[1611] 1302 39
[1612] 1303 39
[1613] 1310 39
[1614] 1311 39
[1615] 1314 39
[1616] 1315 39
[1617] 182 40
[1618] 183 40
[1619] 206 40
[1620] 207 40
[1621] 208 40
[1622] 209 40
[1623] 230 40
[1624] 231 40
[1625] 254 40
[1626] 255 40
[1627] 256 40
[1628] 257 40
[1629] 282 40
[1630] 622 40
[1631] 623 40
[1632] 624 40
[1633] 625 40
[1634] 822 40
[1635] 823 40
[1636] 842 40
[1637] 843 40
[1638] 844 40
[1639] 845 40
[1640] 866 40
[1641] 867 40
[1642] 886 40
[1643] 887 40
[1644] 100 41
[1645] 158 41
[1646] 159 41
[1647] 160 41
[1648] 161 41
[1649] 162 41
[1650] 163 41
[1651] 164 41
[1652] 165 41
[1653] 183 41
[1654] 188 41
[1655] 189 41
[1656] 209 41
[1657] 210 41
[1658] 211 41
[1659] 212 41
[1660] 213 41
[1661] 233 41
[1662] 247 41
[1663] 280 41
[1664] 329 41
[1665] 614 41
[1666] 615 41
[1667] 624 41
[1668] 625 41
[1669] 636 41
[1670] 637 41
[1671] 652 41
[1672] 653 41
[1673] 778 41
[1674] 779 41
[1675] 780 41
[1676] 781 41
[1677] 783 41
[1678] 798 41
[1679] 799 41
[1680] 800 41
[1681] 801 41
[1682] 802 41
[1683] 803 41
[1684] 804 41
[1685] 805 41
[1686] 822 41
[1687] 824 41
[1688] 825 41
[1689] 826 41
[1690] 827 41
[1691] 844 41
[1692] 846 41
[1693] 847 41
[1694] 1224 41
[1695] 1225 41
[1696] 1226 41
[1697] 1234 41
[1698] 1242 41
[1699] 144 42
[1700] 165 42
[1701] 166 42
[1702] 167 42
[1703] 168 42
[1704] 169 42
[1705] 189 42
[1706] 190 42
[1707] 191 42
[1708] 193 42
[1709] 213 42
[1710] 214 42
[1711] 215 42
[1712] 781 42
[1713] 785 42
[1714] 787 42
[1715] 804 42
[1716] 805 42
[1717] 806 42
[1718] 807 42
[1719] 809 42
[1720] 825 42
[1721] 826 42
[1722] 828 42
[1723] 829 42
[1724] 848 42
[1725] 1218 42
[1726] 1219 42
[1727] 1222 42
[1728] 1223 42
[1729] 1226 42
[1730] 1227 42
[1731] 1228 42
[1732] 1229 42
[1733] 1234 42
[1734] 1235 42
[1735] 1238 42
[1736] 1239 42
[1737] 134 43
[1738] 156 43
[1739] 157 43
[1740] 158 43
[1741] 159 43
[1742] 180 43
[1743] 181 43
[1744] 182 43
[1745] 183 43
[1746] 204 43
[1747] 205 43
[1748] 206 43
[1749] 207 43
[1750] 228 43
[1751] 229 43
[1752] 230 43
[1753] 231 43
[1754] 252 43
[1755] 253 43
[1756] 254 43
[1757] 255 43
[1758] 276 43
[1759] 277 43
[1760] 278 43
[1761] 279 43
[1762] 301 43
[1763] 302 43
[1764] 303 43
[1765] 776 43
[1766] 777 43
[1767] 779 43
[1768] 796 43
[1769] 797 43
[1770] 799 43
[1771] 820 43
[1772] 821 43
[1773] 823 43
[1774] 840 43
[1775] 841 43
[1776] 843 43
[1777] 864 43
[1778] 865 43
[1779] 867 43
[1780] 884 43
[1781] 885 43
[1782] 887 43
[1783] 908 43
[1784] 909 43
[1785] 911 43
[1786] 928 43
[1787] 139 44
[1788] 234 44
[1789] 235 44
[1790] 256 44
[1791] 257 44
[1792] 258 44
[1793] 259 44
[1794] 260 44
[1795] 261 44
[1796] 278 44
[1797] 279 44
[1798] 282 44
[1799] 283 44
[1800] 284 44
[1801] 285 44
[1802] 303 44
[1803] 304 44
[1804] 305 44
[1805] 306 44
[1806] 307 44
[1807] 308 44
[1808] 309 44
[1809] 518 44
[1810] 520 44
[1811] 533 44
[1812] 616 44
[1813] 617 44
[1814] 618 44
[1815] 619 44
[1816] 622 44
[1817] 623 44
[1818] 868 44
[1819] 869 44
[1820] 871 44
[1821] 886 44
[1822] 887 44
[1823] 888 44
[1824] 889 44
[1825] 890 44
[1826] 891 44
[1827] 892 44
[1828] 893 44
[1829] 910 44
[1830] 911 44
[1831] 912 44
[1832] 913 44
[1833] 914 44
[1834] 915 44
[1835] 930 44
[1836] 932 44
[1837] 934 44
[1838] 1252 44
[1839] 1253 44
[1840] 1260 44
[1841] 1261 44
[1842] 1262 44
[1843] 1270 44
[1844] 210 45
[1845] 212 45
[1846] 213 45
[1847] 234 45
[1848] 235 45
[1849] 236 45
[1850] 237 45
[1851] 282 45
[1852] 533 45
[1853] 844 45
[1854] 845 45
[1855] 846 45
[1856] 847 45
[1857] 848 45
[1858] 849 45
[1859] 868 45
[1860] 870 45
[1861] 871 45
[1862] 1242 45
[1863] 1243 45
[1864] 1244 45
[1865] 1252 45
[1866] 1253 45
[1867] 1254 45
[1868] 168 46
[1869] 192 46
[1870] 193 46
[1871] 214 46
[1872] 215 46
[1873] 216 46
[1874] 217 46
[1875] 237 46
[1876] 238 46
[1877] 239 46
[1878] 241 46
[1879] 263 46
[1880] 809 46
[1881] 828 46
[1882] 829 46
[1883] 831 46
[1884] 848 46
[1885] 849 46
[1886] 850 46
[1887] 851 46
[1888] 853 46
[1889] 870 46
[1890] 872 46
[1891] 873 46
[1892] 1238 46
[1893] 1239 46
[1894] 1244 46
[1895] 1245 46
[1896] 1246 46
[1897] 1247 46
[1898] 1254 46
[1899] 1255 46
[1900] 1258 46
[1901] 1259 46
[1902] 216 47
[1903] 240 47
[1904] 241 47
[1905] 261 47
[1906] 262 47
[1907] 263 47
[1908] 264 47
[1909] 265 47
[1910] 285 47
[1911] 286 47
[1912] 287 47
[1913] 289 47
[1914] 309 47
[1915] 310 47
[1916] 311 47
[1917] 853 47
[1918] 871 47
[1919] 872 47
[1920] 873 47
[1921] 875 47
[1922] 892 47
[1923] 893 47
[1924] 894 47
[1925] 895 47
[1926] 897 47
[1927] 913 47
[1928] 914 47
[1929] 916 47
[1930] 917 47
[1931] 936 47
[1932] 1254 47
[1933] 1255 47
[1934] 1258 47
[1935] 1259 47
[1936] 1262 47
[1937] 1263 47
[1938] 1264 47
[1939] 1265 47
[1940] 1270 47
[1941] 1271 47
[1942] 1274 47
[1943] 1275 47
[1944] 130 48
[1945] 132 48
[1946] 153 48
[1947] 154 48
[1948] 155 48
[1949] 156 48
[1950] 157 48
[1951] 177 48
[1952] 178 48
[1953] 179 48
[1954] 180 48
[1955] 181 48
[1956] 201 48
[1957] 202 48
[1958] 203 48
[1959] 204 48
[1960] 205 48
[1961] 225 48
[1962] 226 48
[1963] 227 48
[1964] 228 48
[1965] 229 48
[1966] 249 48
[1967] 250 48
[1968] 251 48
[1969] 252 48
[1970] 253 48
[1971] 273 48
[1972] 274 48
[1973] 275 48
[1974] 276 48
[1975] 277 48
[1976] 297 48
[1977] 298 48
[1978] 299 48
[1979] 300 48
[1980] 301 48
[1981] 772 48
[1982] 773 48
[1983] 774 48
[1984] 775 48
[1985] 777 48
[1986] 792 48
[1987] 793 48
[1988] 794 48
[1989] 795 48
[1990] 797 48
[1991] 816 48
[1992] 817 48
[1993] 818 48
[1994] 819 48
[1995] 821 48
[1996] 836 48
[1997] 837 48
[1998] 838 48
[1999] 839 48
[2000] 841 48
[2001] 860 48
[2002] 861 48
[2003] 862 48
[2004] 863 48
[2005] 865 48
[2006] 880 48
[2007] 881 48
[2008] 882 48
[2009] 883 48
[2010] 885 48
[2011] 904 48
[2012] 905 48
[2013] 906 48
[2014] 907 48
[2015] 909 48
[2016] 924 48
[2017] 926 48
[2018] 144 49
[2019] 145 49
[2020] 146 49
[2021] 147 49
[2022] 168 49
[2023] 169 49
[2024] 170 49
[2025] 171 49
[2026] 191 49
[2027] 193 49
[2028] 194 49
[2029] 195 49
[2030] 215 49
[2031] 765 49
[2032] 767 49
[2033] 786 49
[2034] 787 49
[2035] 789 49
[2036] 806 49
[2037] 807 49
[2038] 808 49
[2039] 809 49
[2040] 811 49
[2041] 828 49
[2042] 829 49
[2043] 830 49
[2044] 1214 49
[2045] 1215 49
[2046] 1220 49
[2047] 1221 49
[2048] 1222 49
[2049] 1223 49
[2050] 1228 49
[2051] 1229 49
[2052] 1230 49
[2053] 1231 49
[2054] 1238 49
[2055] 1239 49
[2056] 41 50
[2057] 102 50
[2058] 126 50
[2059] 128 50
[2060] 146 50
[2061] 147 50
[2062] 151 50
[2063] 152 50
[2064] 153 50
[2065] 170 50
[2066] 171 50
[2067] 172 50
[2068] 173 50
[2069] 174 50
[2070] 175 50
[2071] 176 50
[2072] 177 50
[2073] 186 50
[2074] 195 50
[2075] 196 50
[2076] 197 50
[2077] 244 50
[2078] 569 50
[2079] 592 50
[2080] 593 50
[2081] 594 50
[2082] 595 50
[2083] 642 50
[2084] 643 50
[2085] 767 50
[2086] 768 50
[2087] 769 50
[2088] 770 50
[2089] 771 50
[2090] 773 50
[2091] 788 50
[2092] 789 50
[2093] 790 50
[2094] 791 50
[2095] 792 50
[2096] 793 50
[2097] 810 50
[2098] 811 50
[2099] 812 50
[2100] 813 50
[2101] 814 50
[2102] 815 50
[2103] 832 50
[2104] 834 50
[2105] 835 50
[2106] 1216 50
[2107] 1217 50
[2108] 1221 50
[2109] 1231 50
[2110] 1232 50
[2111] 1233 50
[2112] 1241 50
[2113] 102 51
[2114] 151 51
[2115] 176 51
[2116] 177 51
[2117] 200 51
[2118] 201 51
[2119] 222 51
[2120] 223 51
[2121] 224 51
[2122] 225 51
[2123] 248 51
[2124] 249 51
[2125] 472 51
[2126] 535 51
[2127] 594 51
[2128] 814 51
[2129] 815 51
[2130] 816 51
[2131] 817 51
[2132] 836 51
[2133] 837 51
[2134] 858 51
[2135] 859 51
[2136] 860 51
[2137] 861 51
[2138] 880 51
[2139] 881 51
[2140] 216 52
[2141] 240 52
[2142] 241 52
[2143] 242 52
[2144] 243 52
[2145] 263 52
[2146] 264 52
[2147] 265 52
[2148] 266 52
[2149] 267 52
[2150] 287 52
[2151] 289 52
[2152] 290 52
[2153] 291 52
[2154] 311 52
[2155] 853 52
[2156] 855 52
[2157] 872 52
[2158] 873 52
[2159] 874 52
[2160] 875 52
[2161] 877 52
[2162] 894 52
[2163] 895 52
[2164] 896 52
[2165] 897 52
[2166] 899 52
[2167] 916 52
[2168] 917 52
[2169] 918 52
[2170] 1248 52
[2171] 1249 52
[2172] 1256 52
[2173] 1257 52
[2174] 1258 52
[2175] 1259 52
[2176] 1264 52
[2177] 1265 52
[2178] 1266 52
[2179] 1267 52
[2180] 1274 52
[2181] 1275 52
[2182] 168 53
[2183] 192 53
[2184] 193 53
[2185] 194 53
[2186] 215 53
[2187] 216 53
[2188] 217 53
[2189] 218 53
[2190] 219 53
[2191] 239 53
[2192] 241 53
[2193] 263 53
[2194] 809 53
[2195] 828 53
[2196] 829 53
[2197] 830 53
[2198] 831 53
[2199] 833 53
[2200] 850 53
[2201] 851 53
[2202] 852 53
[2203] 853 53
[2204] 872 53
[2205] 873 53
[2206] 1236 53
[2207] 1237 53
[2208] 1238 53
[2209] 1239 53
[2210] 1246 53
[2211] 1247 53
[2212] 1248 53
[2213] 1249 53
[2214] 1258 53
[2215] 1259 53
[2216] 194 54
[2217] 195 54
[2218] 196 54
[2219] 218 54
[2220] 219 54
[2221] 220 54
[2222] 221 54
[2223] 222 54
[2224] 223 54
[2225] 594 54
[2226] 595 54
[2227] 832 54
[2228] 833 54
[2229] 834 54
[2230] 835 54
[2231] 854 54
[2232] 855 54
[2233] 856 54
[2234] 1237 54
[2235] 1240 54
[2236] 1241 54
[2237] 1249 54
[2238] 1250 54
[2239] 1251 54
[2240] 4 55
[2241] 89 55
[2242] 220 55
[2243] 221 55
[2244] 222 55
[2245] 242 55
[2246] 243 55
[2247] 248 55
[2248] 266 55
[2249] 267 55
[2250] 268 55
[2251] 269 55
[2252] 270 55
[2253] 271 55
[2254] 272 55
[2255] 273 55
[2256] 291 55
[2257] 292 55
[2258] 293 55
[2259] 296 55
[2260] 297 55
[2261] 375 55
[2262] 472 55
[2263] 492 55
[2264] 535 55
[2265] 586 55
[2266] 587 55
[2267] 607 55
[2268] 634 55
[2269] 635 55
[2270] 855 55
[2271] 856 55
[2272] 857 55
[2273] 859 55
[2274] 876 55
[2275] 877 55
[2276] 878 55
[2277] 879 55
[2278] 881 55
[2279] 898 55
[2280] 899 55
[2281] 900 55
[2282] 901 55
[2283] 902 55
[2284] 903 55
[2285] 904 55
[2286] 905 55
[2287] 920 55
[2288] 922 55
[2289] 1250 55
[2290] 1251 55
[2291] 1257 55
[2292] 1267 55
[2293] 1268 55
[2294] 1269 55
[2295] 360 56
[2296] 384 56
[2297] 385 56
[2298] 386 56
[2299] 387 56
[2300] 407 56
[2301] 408 56
[2302] 409 56
[2303] 410 56
[2304] 411 56
[2305] 431 56
[2306] 433 56
[2307] 434 56
[2308] 435 56
[2309] 985 56
[2310] 987 56
[2311] 1000 56
[2312] 1001 56
[2313] 1002 56
[2314] 1003 56
[2315] 1005 56
[2316] 1022 56
[2317] 1023 56
[2318] 1024 56
[2319] 1025 56
[2320] 1027 56
[2321] 1042 56
[2322] 1044 56
[2323] 1304 56
[2324] 1305 56
[2325] 1312 56
[2326] 1313 56
[2327] 1314 56
[2328] 1315 56
[2329] 1320 56
[2330] 1321 56
[2331] 1322 56
[2332] 1323 56
[2333] 42 57
[2334] 149 57
[2335] 274 57
[2336] 276 57
[2337] 297 57
[2338] 298 57
[2339] 299 57
[2340] 300 57
[2341] 301 57
[2342] 321 57
[2343] 322 57
[2344] 323 57
[2345] 324 57
[2346] 325 57
[2347] 345 57
[2348] 346 57
[2349] 347 57
[2350] 348 57
[2351] 349 57
[2352] 369 57
[2353] 372 57
[2354] 373 57
[2355] 393 57
[2356] 394 57
[2357] 395 57
[2358] 396 57
[2359] 397 57
[2360] 417 57
[2361] 418 57
[2362] 419 57
[2363] 420 57
[2364] 421 57
[2365] 441 57
[2366] 442 57
[2367] 443 57
[2368] 444 57
[2369] 445 57
[2370] 644 57
[2371] 645 57
[2372] 904 57
[2373] 905 57
[2374] 906 57
[2375] 907 57
[2376] 909 57
[2377] 924 57
[2378] 925 57
[2379] 926 57
[2380] 927 57
[2381] 929 57
[2382] 948 57
[2383] 949 57
[2384] 950 57
[2385] 951 57
[2386] 953 57
[2387] 968 57
[2388] 969 57
[2389] 970 57
[2390] 971 57
[2391] 973 57
[2392] 992 57
[2393] 993 57
[2394] 995 57
[2395] 1008 57
[2396] 1009 57
[2397] 1010 57
[2398] 1011 57
[2399] 1013 57
[2400] 1030 57
[2401] 1031 57
[2402] 1032 57
[2403] 1033 57
[2404] 1035 57
[2405] 1050 57
[2406] 1052 57
[2407] 40 58
[2408] 199 58
[2409] 320 58
[2410] 321 58
[2411] 344 58
[2412] 345 58
[2413] 366 58
[2414] 367 58
[2415] 368 58
[2416] 369 58
[2417] 371 58
[2418] 392 58
[2419] 393 58
[2420] 568 58
[2421] 596 58
[2422] 946 58
[2423] 947 58
[2424] 948 58
[2425] 949 58
[2426] 968 58
[2427] 969 58
[2428] 990 58
[2429] 991 58
[2430] 992 58
[2431] 993 58
[2432] 1008 58
[2433] 1009 58
[2434] 148 59
[2435] 185 59
[2436] 364 59
[2437] 365 59
[2438] 366 59
[2439] 371 59
[2440] 386 59
[2441] 387 59
[2442] 391 59
[2443] 392 59
[2444] 410 59
[2445] 411 59
[2446] 412 59
[2447] 413 59
[2448] 414 59
[2449] 415 59
[2450] 416 59
[2451] 417 59
[2452] 435 59
[2453] 440 59
[2454] 441 59
[2455] 493 59
[2456] 532 59
[2457] 568 59
[2458] 579 59
[2459] 583 59
[2460] 626 59
[2461] 627 59
[2462] 646 59
[2463] 647 59
[2464] 649 59
[2465] 987 59
[2466] 988 59
[2467] 989 59
[2468] 991 59
[2469] 1004 59
[2470] 1005 59
[2471] 1006 59
[2472] 1007 59
[2473] 1009 59
[2474] 1026 59
[2475] 1027 59
[2476] 1028 59
[2477] 1029 59
[2478] 1030 59
[2479] 1031 59
[2480] 1046 59
[2481] 1306 59
[2482] 1307 59
[2483] 1313 59
[2484] 1321 59
[2485] 1324 59
[2486] 1325 59
[2487] 312 60
[2488] 336 60
[2489] 337 60
[2490] 338 60
[2491] 359 60
[2492] 360 60
[2493] 361 60
[2494] 362 60
[2495] 363 60
[2496] 383 60
[2497] 385 60
[2498] 407 60
[2499] 941 60
[2500] 960 60
[2501] 961 60
[2502] 962 60
[2503] 963 60
[2504] 965 60
[2505] 982 60
[2506] 983 60
[2507] 984 60
[2508] 985 60
[2509] 1000 60
[2510] 1001 60
[2511] 1292 60
[2512] 1293 60
[2513] 1294 60
[2514] 1295 60
[2515] 1302 60
[2516] 1303 60
[2517] 1304 60
[2518] 1305 60
[2519] 1314 60
[2520] 1315 60
[2521] 264 61
[2522] 288 61
[2523] 289 61
[2524] 290 61
[2525] 291 61
[2526] 311 61
[2527] 312 61
[2528] 313 61
[2529] 314 61
[2530] 315 61
[2531] 335 61
[2532] 337 61
[2533] 338 61
[2534] 339 61
[2535] 359 61
[2536] 897 61
[2537] 899 61
[2538] 916 61
[2539] 917 61
[2540] 918 61
[2541] 919 61
[2542] 921 61
[2543] 938 61
[2544] 939 61
[2545] 940 61
[2546] 941 61
[2547] 943 61
[2548] 960 61
[2549] 961 61
[2550] 962 61
[2551] 1266 61
[2552] 1267 61
[2553] 1272 61
[2554] 1273 61
[2555] 1274 61
[2556] 1275 61
[2557] 1282 61
[2558] 1283 61
[2559] 1284 61
[2560] 1285 61
[2561] 1294 61
[2562] 1295 61
[2563] 4 62
[2564] 40 62
[2565] 199 62
[2566] 270 62
[2567] 272 62
[2568] 290 62
[2569] 291 62
[2570] 292 62
[2571] 293 62
[2572] 296 62
[2573] 297 62
[2574] 314 62
[2575] 315 62
[2576] 316 62
[2577] 317 62
[2578] 318 62
[2579] 319 62
[2580] 320 62
[2581] 321 62
[2582] 339 62
[2583] 340 62
[2584] 341 62
[2585] 375 62
[2586] 596 62
[2587] 597 62
[2588] 606 62
[2589] 607 62
[2590] 899 62
[2591] 900 62
[2592] 901 62
[2593] 902 62
[2594] 903 62
[2595] 905 62
[2596] 920 62
[2597] 921 62
[2598] 922 62
[2599] 923 62
[2600] 924 62
[2601] 925 62
[2602] 942 62
[2603] 943 62
[2604] 944 62
[2605] 945 62
[2606] 946 62
[2607] 947 62
[2608] 964 62
[2609] 966 62
[2610] 967 62
[2611] 1268 62
[2612] 1269 62
[2613] 1273 62
[2614] 1276 62
[2615] 1277 62
[2616] 1285 62
[2617] 1286 62
[2618] 1287 62
[2619] 1297 62
[2620] 338 63
[2621] 339 63
[2622] 340 63
[2623] 362 63
[2624] 363 63
[2625] 364 63
[2626] 365 63
[2627] 366 63
[2628] 367 63
[2629] 596 63
[2630] 597 63
[2631] 964 63
[2632] 965 63
[2633] 966 63
[2634] 967 63
[2635] 986 63
[2636] 987 63
[2637] 988 63
[2638] 1293 63
[2639] 1296 63
[2640] 1297 63
[2641] 1305 63
[2642] 1306 63
[2643] 1307 63
