0 : 1 1 1
1 : 2 1 1
2 : 1 2 1
3 : 2 1 3
4 : 1 1 1
5 : 1 1 1
6 : 2 4 3
7 : 4 2 1
8 : 1 1 1
9 : 1 2 2
10 : 1 2 1
11 : 2 1 3
12 : 2 1 1
13 : 3 2 1
14 : 2 1 1
15 : 2 1 3
16 : 2 1 1
17 : 2 1 3
18 : 2 1 1
19 : 2 1 3
20 : 2 1 1
21 : 2 1 3
22 : 1 2 1
23 : 2 2 3
24 : 1 1 1
25 : 2 2 3
26 : 3 1 1
27 : 2 1 4
28 : 2 1 1
29 : 3 2 1
30 : 2 1 1
31 : 3 2 2
32 : 1 3 1
33 : 2 2 4
34 : 3 1 1
35 : 4 2 2
36 : 3 1 1
37 : 2 2 4
38 : 1 3 1
39 : 2 4 2
40 : 1 1 1
41 : 1 1 1
42 : 1 1 1
43 : 4 1 1
44 : 1 1 1
45 : 2 1 2
46 : 1 2 1
47 : 2 4 3
48 : 1 1 1
49 : 2 1 2
50 : 2 1 1
51 : 2 1 3
52 : 2 1 1
53 : 3 2 2
54 : 1 1 1
55 : 1 1 4
56 : 1 2 1
57 : 2 3 2
58 : 1 3 1
59 : 2 2 4
60 : 3 1 1
61 : 4 2 2
62 : 3 1 1
63 : 2 1 4
64 : 2 1 1
65 : 2 1 3
66 : 2 1 1
67 : 2 1 3
68 : 2 1 1
69 : 2 1 3
70 : 1 2 1
71 : 2 3 3
72 : 1 1 1
73 : 2 1 2
74 : 2 1 1
75 : 2 1 3
76 : 1 2 1
77 : 2 1 3
78 : 2 1 1
79 : 3 2 2
80 : 1 3 1
81 : 2 2 4
82 : 3 1 1
83 : 4 2 2
84 : 3 1 1
85 : 2 2 4
86 : 1 3 1
87 : 2 4 2
88 : 3 1 2
89 : 1 1 1
90 : 1 2 1
91 : 2 1 3
92 : 2 1 1
93 : 2 1 3
94 : 1 2 1
95 : 2 3 3
96 : 1 1 1
97 : 2 1 2
98 : 1 2 1
99 : 2 1 3
100 : 1 1 1
101 : 1 1 1
102 : 1 1 1
103 : 3 2 4
104 : 1 2 1
105 : 2 3 2
106 : 1 3 1
107 : 2 2 4
108 : 3 1 1
109 : 4 2 2
110 : 3 1 1
111 : 2 1 4
112 : 2 1 1
113 : 2 2 3
114 : 3 1 1
115 : 2 1 4
116 : 2 1 1
117 : 2 1 3
118 : 1 2 1
119 : 2 3 3
120 : 1 1 1
121 : 2 1 2
122 : 2 1 1
123 : 2 1 3
124 : 2 1 1
125 : 3 2 1
126 : 2 1 1
127 : 3 2 2
128 : 1 3 2
129 : 2 2 4
130 : 3 1 1
131 : 4 2 2
132 : 3 1 1
133 : 2 2 4
134 : 1 3 1
135 : 2 2 4
136 : 3 1 2
137 : 1 1 1
138 : 1 1 1
139 : 1 1 1
140 : 1 1 1
141 : 2 1 2
142 : 1 2 1
143 : 2 3 3
144 : 1 1 1
145 : 2 1 2
146 : 1 2 1
147 : 2 1 3
148 : 1 1 1
149 : 1 2 2
150 : 3 1 4
151 : 2 2 1
152 : 3 2 1
153 : 4 2 2
154 : 1 3 1
155 : 2 2 4
156 : 3 1 1
157 : 4 2 2
158 : 3 1 1
159 : 2 1 4
160 : 2 1 1
161 : 2 1 3
162 : 2 2 1
163 : 2 1 3
164 : 2 1 1
165 : 2 1 3
166 : 1 2 1
167 : 2 3 3
168 : 1 1 1
169 : 2 1 2
170 : 2 1 1
171 : 2 1 3
172 : 2 1 1
173 : 3 2 1
174 : 2 2 1
175 : 3 2 3
176 : 1 4 3
177 : 2 2 5
178 : 3 1 1
179 : 4 2 2
180 : 3 1 1
181 : 2 2 4
182 : 1 3 1
183 : 2 4 2
184 : 2 1 2
185 : 1 1 1
186 : 2 1 2
187 : 1 2 3
188 : 2 1 1
189 : 2 1 3
190 : 1 2 1
191 : 2 3 3
192 : 1 1 1
193 : 2 1 2
194 : 2 1 1
195 : 2 1 3
196 : 2 1 1
197 : 3 2 3
198 : 3 2 2
199 : 2 2 1
200 : 1 4 2
201 : 2 5 2
202 : 1 3 1
203 : 2 2 4
204 : 3 1 1
205 : 4 2 2
206 : 3 1 1
207 : 2 1 4
208 : 2 1 1
209 : 2 1 3
210 : 2 1 1
211 : 2 1 3
212 : 2 1 1
213 : 2 1 3
214 : 1 2 1
215 : 2 3 3
216 : 1 1 1
217 : 2 1 2
218 : 2 1 1
219 : 2 1 3
220 : 1 2 1
221 : 2 1 3
222 : 2 2 1
223 : 3 2 3
224 : 1 4 1
225 : 2 2 5
226 : 3 1 1
227 : 4 2 2
228 : 3 1 1
229 : 2 2 4
230 : 1 3 1
231 : 2 4 2
232 : 1 1 1
233 : 3 1 4
234 : 1 2 1
235 : 2 1 3
236 : 2 1 1
237 : 2 1 3
238 : 1 2 1
239 : 2 3 3
240 : 1 1 1
241 : 2 1 2
242 : 1 2 1
243 : 2 1 3
244 : 3 2 5
245 : 4 1 5
246 : 2 2 1
247 : 2 2 4
248 : 1 2 1
249 : 2 3 2
250 : 1 3 1
251 : 4 2 2
252 : 3 1 1
253 : 4 2 2
254 : 3 1 1
255 : 2 1 4
256 : 2 1 1
257 : 2 2 3
258 : 3 1 1
259 : 2 1 4
260 : 2 1 1
261 : 2 1 3
262 : 1 2 1
263 : 2 3 3
264 : 1 1 1
265 : 2 1 2
266 : 2 1 1
267 : 2 1 3
268 : 2 1 1
269 : 3 2 2
270 : 3 2 1
271 : 4 2 2
272 : 1 3 2
273 : 2 2 4
274 : 3 1 1
275 : 4 2 2
276 : 3 1 1
277 : 2 2 4
278 : 1 3 1
279 : 2 4 2
280 : 3 2 4
281 : 2 2 1
282 : 1 4 3
283 : 2 1 1
284 : 2 2 1
285 : 2 1 3
286 : 1 2 1
287 : 2 3 3
288 : 1 1 1
289 : 2 1 2
290 : 1 2 1
291 : 2 1 3
292 : 1 2 1
293 : 2 3 3
294 : 1 1 1
295 : 1 1 1
296 : 1 3 1
297 : 2 2 4
298 : 1 3 1
299 : 2 2 4
300 : 3 1 1
301 : 4 2 2
302 : 3 1 1
303 : 2 1 4
304 : 2 1 1
305 : 2 2 3
306 : 3 1 1
307 : 2 1 4
308 : 2 1 1
309 : 2 1 3
310 : 1 2 1
311 : 2 3 3
312 : 1 1 1
313 : 2 1 2
314 : 2 1 1
315 : 2 1 3
316 : 2 1 1
317 : 3 2 1
318 : 2 2 1
319 : 3 2 2
320 : 1 3 3
321 : 2 2 4
322 : 3 1 1
323 : 4 2 2
324 : 3 1 1
325 : 2 2 4
326 : 1 3 1
327 : 2 4 2
328 : 3 1 3
329 : 2 1 4
330 : 2 1 1
331 : 2 1 3
332 : 2 1 1
333 : 2 1 3
334 : 1 2 1
335 : 2 3 3
336 : 1 1 1
337 : 2 1 2
338 : 2 1 1
339 : 2 1 3
340 : 2 1 1
341 : 3 2 3
342 : 2 2 2
343 : 5 2 5
344 : 2 1 4
345 : 5 2 2
346 : 1 3 2
347 : 2 2 4
348 : 3 3 1
349 : 4 2 2
350 : 3 2 1
351 : 2 1 4
352 : 2 3 1
353 : 2 2 3
354 : 3 3 1
355 : 2 1 4
356 : 2 1 1
357 : 2 1 3
358 : 1 2 1
359 : 2 3 3
360 : 1 1 1
361 : 2 1 2
362 : 2 1 1
363 : 2 1 3
364 : 1 2 1
365 : 2 1 3
366 : 2 2 1
367 : 3 2 3
368 : 4 1 1
369 : 2 3 5
370 : 1 4 3
371 : 2 1 1
372 : 1 4 2
373 : 3 5 2
374 : 1 1 2
375 : 5 2 5
376 : 1 2 2
377 : 4 2 1
378 : 2 1 4
379 : 2 1 5
380 : 2 1 1
381 : 2 1 3
382 : 1 2 1
383 : 2 3 3
384 : 1 1 1
385 : 2 1 2
386 : 1 2 1
387 : 2 1 3
388 : 3 2 2
389 : 2 1 2
390 : 3 2 3
391 : 2 2 1
392 : 2 1 3
393 : 4 2 1
394 : 1 2 1
395 : 2 3 3
396 : 4 1 1
397 : 5 2 1
398 : 2 1 1
399 : 2 2 3
400 : 3 1 1
401 : 2 3 4
402 : 4 2 1
403 : 2 1 5
404 : 2 1 1
405 : 2 1 3
406 : 1 2 1
407 : 2 3 3
408 : 1 1 1
409 : 2 1 2
410 : 2 1 1
411 : 2 1 3
412 : 1 3 2
413 : 2 3 2
414 : 4 4 1
415 : 5 2 3
416 : 1 4 1
417 : 2 2 5
418 : 3 1 1
419 : 4 2 2
420 : 3 1 1
421 : 2 2 4
422 : 1 3 1
423 : 2 4 2
424 : 4 5 4
425 : 4 2 5
426 : 3 2 1
427 : 2 1 4
428 : 2 1 1
429 : 2 1 3
430 : 1 2 1
431 : 2 3 3
432 : 1 1 1
433 : 2 1 2
434 : 1 2 1
435 : 2 2 3
436 : 2 5 3
437 : 2 5 5
438 : 3 2 5
439 : 4 1 5
440 : 1 1 2
441 : 2 2 3
442 : 1 3 1
443 : 2 2 4
444 : 3 1 1
445 : 4 2 2
446 : 3 1 1
447 : 2 1 4
448 : 2 2 1
449 : 2 3 3
450 : 4 3 1
451 : 2 1 5
452 : 2 1 1
453 : 2 1 3
454 : 1 2 1
455 : 2 3 3
456 : 1 1 1
457 : 2 1 2
458 : 2 1 1
459 : 2 1 3
460 : 2 1 1
461 : 3 2 2
462 : 3 2 1
463 : 4 2 2
464 : 1 3 3
465 : 2 2 4
466 : 3 1 1
467 : 4 2 2
468 : 3 1 1
469 : 2 2 4
470 : 1 3 1
471 : 3 4 2
472 : 3 1 4
473 : 4 2 4
474 : 4 2 1
475 : 2 1 5
476 : 2 1 1
477 : 2 1 3
478 : 1 2 1
479 : 2 3 3
480 : 1 1 1
481 : 2 1 2
482 : 2 1 1
483 : 2 1 3
484 : 2 1 1
485 : 3 2 3
486 : 1 3 4
487 : 2 2 1
488 : 2 1 4
489 : 5 2 2
490 : 3 1 1
491 : 2 4 2
492 : 2 2 4
493 : 4 1 5
494 : 2 2 1
495 : 2 1 3
496 : 2 3 1
497 : 2 3 3
498 : 4 3 1
499 : 2 1 5
500 : 2 1 1
501 : 2 1 3
502 : 1 2 1
503 : 2 3 3
504 : 1 1 1
505 : 2 1 2
506 : 2 1 1
507 : 2 1 3
508 : 1 2 1
509 : 2 1 3
510 : 2 4 1
511 : 3 2 3
512 : 4 3 1
513 : 2 2 5
514 : 1 3 1
515 : 2 1 4
516 : 1 2 1
517 : 3 3 2
518 : 3 2 3
519 : 2 2 4
520 : 2 4 4
521 : 4 2 1
522 : 2 1 4
523 : 2 1 5
524 : 2 1 1
525 : 2 1 3
526 : 1 2 1
527 : 2 3 3
528 : 1 1 1
529 : 2 1 2
530 : 1 2 1
531 : 2 2 3
532 : 2 2 3
533 : 5 2 5
534 : 2 4 4
535 : 5 2 5
536 : 2 1 4
537 : 5 2 2
538 : 1 3 1
539 : 2 2 4
540 : 3 1 1
541 : 4 2 1
542 : 2 1 1
543 : 2 2 3
544 : 3 2 1
545 : 2 3 4
546 : 4 3 1
547 : 2 1 5
548 : 2 1 1
549 : 2 1 3
550 : 1 2 1
551 : 2 3 3
552 : 3 1 1
553 : 2 1 2
554 : 2 1 1
555 : 2 1 3
556 : 1 4 2
557 : 2 3 2
558 : 4 5 1
559 : 5 2 3
560 : 1 4 5
561 : 2 2 5
562 : 3 4 1
563 : 4 2 2
564 : 3 4 1
565 : 2 2 4
566 : 1 3 4
567 : 3 4 2
568 : 4 2 5
569 : 4 2 4
570 : 1 4 1
571 : 2 5 5
572 : 3 1 2
573 : 2 1 3
574 : 1 2 1
575 : 2 3 3
576 : 2 5 3
577 : 1 4 4
578 : 3 2 5
579 : 5 2 5
580 : 3 4 5
581 : 4 5 4
582 : 6 3 5
583 : 6 4 6
584 : 6 3 4
585 : 5 4 4
586 : 3 4 5
587 : 3 1 4
588 : 6 3 5
589 : 6 4 5
590 : 5 3 4
591 : 5 4 4
592 : 6 3 5
593 : 6 4 5
594 : 3 4 6
595 : 4 5 4
596 : 3 4 6
597 : 4 5 4
598 : 3 4 6
599 : 4 5 4
600 : 3 5 5
601 : 4 2 4
602 : 6 3 5
603 : 6 4 5
604 : 7 3 4
605 : 5 4 4
606 : 3 4 6
607 : 4 5 4
608 : 3 4 6
609 : 4 5 4
610 : 6 3 5
611 : 6 4 5
612 : 7 3 4
613 : 5 4 6
614 : 4 3 5
615 : 6 4 5
616 : 4 3 5
617 : 6 4 5
618 : 7 3 4
619 : 5 4 4
620 : 3 3 6
621 : 3 1 4
622 : 6 3 4
623 : 5 4 4
624 : 5 3 4
625 : 5 4 4
626 : 3 3 6
627 : 3 1 4
628 : 6 3 4
629 : 5 4 4
630 : 3 4 7
631 : 3 1 4
632 : 6 3 7
633 : 8 4 5
634 : 6 3 6
635 : 7 4 5
636 : 4 3 6
637 : 7 4 5
638 : 4 3 6
639 : 7 4 5
640 : 6 3 4
641 : 5 4 4
642 : 3 4 7
643 : 3 1 4
644 : 6 3 4
645 : 4 5 4
646 : 6 3 7
647 : 8 4 5
648 : 3 4 7
649 : 3 1 4
650 : 6 3 4
651 : 5 4 4
652 : 7 3 4
653 : 5 4 4
654 : 6 3 4
655 : 5 4 4
656 : 6 3 6
657 : 7 4 6
658 : 6 3 5
659 : 5 4 7
660 : 5 5 3
661 : 6 4 7
662 : 3 5 5
663 : 6 4 7
664 : 3 5 5
665 : 6 4 7
666 : 3 5 6
667 : 6 4 7
668 : 3 6 7
669 : 7 4 7
670 : 3 2 4
671 : 5 4 8
672 : 2 4 3
673 : 6 4 4
674 : 2 3 5
675 : 4 5 6
676 : 3 2 6
677 : 4 4 4
678 : 3 2 8
679 : 4 4 5
680 : 3 5 8
681 : 6 4 5
682 : 6 8 3
683 : 7 4 7
684 : 3 5 8
685 : 6 4 8
686 : 3 5 8
687 : 6 4 7
688 : 5 8 3
689 : 6 4 7
690 : 8 3 6
691 : 7 4 7
692 : 5 5 3
693 : 6 4 3
694 : 2 6 4
695 : 4 7 5
696 : 2 3 5
697 : 4 5 6
698 : 3 2 6
699 : 4 4 4
700 : 3 2 6
701 : 4 4 5
702 : 3 6 8
703 : 7 4 5
704 : 5 8 3
705 : 6 4 7
706 : 3 5 8
707 : 6 4 7
708 : 3 5 8
709 : 6 4 7
710 : 3 5 8
711 : 6 4 7
712 : 3 6 8
713 : 7 4 7
714 : 3 2 8
715 : 4 4 8
716 : 2 6 3
717 : 5 4 4
718 : 2 3 5
719 : 4 5 6
720 : 3 2 6
721 : 4 4 4
722 : 2 6 3
723 : 4 4 5
724 : 3 6 8
725 : 4 5 7
726 : 6 8 3
727 : 7 4 8
728 : 3 5 8
729 : 6 4 8
730 : 3 5 8
731 : 6 4 7
732 : 5 8 3
733 : 6 4 7
734 : 8 3 6
735 : 7 4 7
736 : 3 2 6
737 : 4 4 7
738 : 2 6 3
739 : 5 4 4
740 : 2 3 5
741 : 4 5 6
742 : 2 6 3
743 : 4 4 4
744 : 3 2 6
745 : 4 5 5
746 : 6 3 5
747 : 5 4 7
748 : 5 8 3
749 : 6 4 7
750 : 3 5 8
751 : 6 4 7
752 : 3 5 8
753 : 6 4 7
754 : 3 5 8
755 : 6 4 7
756 : 3 6 8
757 : 7 4 7
758 : 3 2 6
759 : 5 4 8
760 : 2 6 3
761 : 6 4 4
762 : 2 3 5
763 : 4 5 6
764 : 3 2 6
765 : 4 4 4
766 : 3 2 8
767 : 4 4 5
768 : 3 6 8
769 : 7 4 5
770 : 6 8 3
771 : 7 4 8
772 : 3 5 8
773 : 6 4 8
774 : 3 5 8
775 : 6 4 7
776 : 5 8 3
777 : 6 4 7
778 : 8 3 6
779 : 7 4 7
780 : 5 5 3
781 : 6 4 3
782 : 2 6 4
783 : 4 7 5
784 : 2 3 5
785 : 4 5 6
786 : 2 6 3
787 : 4 4 4
788 : 3 2 6
789 : 4 5 5
790 : 6 3 5
791 : 5 4 7
792 : 5 8 3
793 : 6 4 7
794 : 3 5 8
795 : 6 4 7
796 : 3 5 8
797 : 6 4 7
798 : 3 5 8
799 : 6 4 7
800 : 3 6 8
801 : 7 4 7
802 : 3 2 8
803 : 5 4 8
804 : 2 6 3
805 : 6 4 4
806 : 2 3 5
807 : 4 5 6
808 : 3 2 6
809 : 4 4 4
810 : 3 2 8
811 : 4 4 5
812 : 3 5 8
813 : 6 4 5
814 : 6 8 3
815 : 7 4 7
816 : 3 5 8
817 : 6 4 8
818 : 3 5 8
819 : 6 4 7
820 : 5 8 3
821 : 6 4 7
822 : 8 3 6
823 : 7 4 7
824 : 5 5 3
825 : 6 4 3
826 : 2 6 4
827 : 4 7 5
828 : 2 3 5
829 : 4 5 6
830 : 3 2 6
831 : 4 4 4
832 : 3 2 6
833 : 4 4 5
834 : 3 6 8
835 : 7 4 5
836 : 5 8 3
837 : 6 4 7
838 : 3 5 8
839 : 6 4 7
840 : 3 5 8
841 : 6 4 7
842 : 3 5 8
843 : 6 4 7
844 : 3 6 8
845 : 7 4 7
846 : 3 2 8
847 : 4 4 8
848 : 2 6 3
849 : 5 4 4
850 : 2 3 5
851 : 4 5 6
852 : 3 2 6
853 : 4 4 4
854 : 2 6 3
855 : 4 4 5
856 : 3 6 8
857 : 4 5 7
858 : 6 8 3
859 : 7 4 8
860 : 3 5 8
861 : 6 4 8
862 : 3 5 8
863 : 4 7 6
864 : 5 8 3
865 : 6 4 7
866 : 8 3 6
867 : 7 4 7
868 : 3 2 6
869 : 4 4 7
870 : 2 6 3
871 : 5 4 4
872 : 2 3 5
873 : 4 5 6
874 : 2 6 3
875 : 4 4 4
876 : 3 2 6
877 : 4 5 5
878 : 6 3 5
879 : 5 4 7
880 : 5 8 3
881 : 6 4 7
882 : 3 5 8
883 : 6 4 7
884 : 3 5 8
885 : 6 4 7
886 : 3 5 8
887 : 6 4 7
888 : 3 6 8
889 : 7 4 7
890 : 3 2 6
891 : 5 4 8
892 : 2 6 3
893 : 6 4 4
894 : 2 3 5
895 : 4 5 6
896 : 3 2 6
897 : 4 4 4
898 : 3 2 8
899 : 4 4 5
900 : 3 5 8
901 : 6 4 5
902 : 6 8 3
903 : 7 4 7
904 : 3 5 8
905 : 6 4 8
906 : 3 5 8
907 : 6 4 7
908 : 5 8 3
909 : 6 4 7
910 : 8 3 6
911 : 7 4 7
912 : 5 5 3
913 : 6 4 3
914 : 2 6 4
915 : 4 7 5
916 : 2 3 5
917 : 4 5 6
918 : 2 6 3
919 : 4 4 4
920 : 2 6 3
921 : 4 5 4
922 : 3 6 8
923 : 4 5 7
924 : 5 8 3
925 : 6 4 7
926 : 3 5 8
927 : 6 4 7
928 : 3 5 8
929 : 6 4 7
930 : 3 5 8
931 : 6 4 7
932 : 3 6 8
933 : 7 4 7
934 : 3 2 8
935 : 4 4 8
936 : 2 6 3
937 : 5 4 4
938 : 2 3 5
939 : 4 5 6
940 : 3 2 6
941 : 4 4 4
942 : 3 2 6
943 : 4 4 5
944 : 3 5 8
945 : 6 4 5
946 : 6 8 3
947 : 7 4 7
948 : 3 5 8
949 : 6 4 8
950 : 3 5 8
951 : 6 4 7
952 : 5 8 3
953 : 6 4 7
954 : 8 3 6
955 : 7 4 7
956 : 3 2 6
957 : 4 4 7
958 : 2 6 3
959 : 5 4 4
960 : 2 3 5
961 : 4 5 6
962 : 3 2 6
963 : 4 4 4
964 : 3 2 6
965 : 4 4 5
966 : 3 6 8
967 : 7 4 5
968 : 5 8 3
969 : 6 4 7
970 : 3 6 8
971 : 7 4 7
972 : 3 5 8
973 : 4 8 6
974 : 3 6 8
975 : 7 4 7
976 : 3 6 8
977 : 7 4 8
978 : 3 2 6
979 : 4 4 8
980 : 2 6 3
981 : 5 4 4
982 : 2 3 5
983 : 4 5 6
984 : 3 2 6
985 : 4 4 4
986 : 2 6 3
987 : 4 4 5
988 : 3 6 8
989 : 4 5 7
990 : 3 6 8
991 : 7 4 8
992 : 3 6 8
993 : 8 7 4
994 : 8 3 6
995 : 7 4 7
996 : 3 2 6
997 : 4 4 7
998 : 2 6 3
999 : 5 4 4
1000 : 2 3 5
1001 : 4 5 6
1002 : 2 6 3
1003 : 4 4 4
1004 : 3 2 6
1005 : 4 5 4
1006 : 5 3 5
1007 : 5 4 6
1008 : 5 8 3
1009 : 6 4 7
1010 : 3 5 8
1011 : 6 4 7
1012 : 3 5 8
1013 : 6 4 7
1014 : 3 5 8
1015 : 6 4 7
1016 : 3 6 8
1017 : 7 4 7
1018 : 3 2 6
1019 : 4 4 8
1020 : 2 6 3
1021 : 5 4 4
1022 : 2 3 5
1023 : 4 5 6
1024 : 3 2 6
1025 : 4 4 4
1026 : 7 3 3
1027 : 4 4 5
1028 : 6 8 3
1029 : 7 4 7
1030 : 3 5 8
1031 : 6 4 8
1032 : 3 5 8
1033 : 6 4 7
1034 : 5 8 3
1035 : 6 4 7
1036 : 8 3 6
1037 : 7 4 7
1038 : 3 2 6
1039 : 4 4 7
1040 : 2 6 3
1041 : 5 4 4
1042 : 2 3 5
1043 : 4 5 6
1044 : 2 6 3
1045 : 4 4 4
1046 : 3 2 5
1047 : 4 5 5
1048 : 6 3 5
1049 : 5 4 7
1050 : 5 8 3
1051 : 6 4 7
1052 : 3 5 8
1053 : 6 4 7
1054 : 3 5 8
1055 : 6 4 7
1056 : 3 5 8
1057 : 6 4 7
1058 : 3 6 8
1059 : 7 4 7
1060 : 3 2 6
1061 : 4 4 8
1062 : 2 6 3
1063 : 5 4 4
1064 : 2 3 5
1065 : 4 5 6
1066 : 3 2 6
1067 : 4 4 4
1068 : 3 2 8
1069 : 4 4 5
1070 : 3 5 8
1071 : 6 4 5
1072 : 6 8 3
1073 : 7 4 7
1074 : 3 5 8
1075 : 6 4 8
1076 : 3 5 8
1077 : 6 4 7
1078 : 6 8 3
1079 : 7 4 7
1080 : 8 3 6
1081 : 7 4 8
1082 : 3 2 6
1083 : 4 4 7
1084 : 2 6 3
1085 : 5 4 4
1086 : 2 3 5
1087 : 4 5 6
1088 : 3 2 6
1089 : 4 4 4
1090 : 3 2 6
1091 : 4 4 5
1092 : 3 6 8
1093 : 7 4 5
1094 : 3 5 8
1095 : 6 4 7
1096 : 3 6 8
1097 : 7 7 4
1098 : 3 6 8
1099 : 7 4 7
1100 : 3 6 8
1101 : 7 4 8
1102 : 3 2 6
1103 : 4 4 8
1104 : 2 6 3
1105 : 5 4 4
1106 : 2 3 5
1107 : 4 5 6
1108 : 3 2 6
1109 : 4 4 4
1110 : 2 6 3
1111 : 4 4 5
1112 : 3 6 8
1113 : 4 5 7
1114 : 3 6 8
1115 : 7 4 8
1116 : 5 8 3
1117 : 6 4 8
1118 : 5 8 3
1119 : 6 4 7
1120 : 8 3 6
1121 : 7 4 7
1122 : 3 2 6
1123 : 4 4 7
1124 : 2 6 3
1125 : 5 4 4
1126 : 2 3 5
1127 : 4 5 6
1128 : 2 6 3
1129 : 4 4 4
1130 : 3 2 6
1131 : 4 5 4
1132 : 5 3 5
1133 : 5 4 6
1134 : 5 8 3
1135 : 6 4 7
1136 : 3 5 8
1137 : 6 4 7
1138 : 3 5 8
1139 : 6 4 7
1140 : 3 5 8
1141 : 6 4 7
1142 : 3 6 8
1143 : 7 4 7
1144 : 3 2 6
1145 : 4 4 8
1146 : 2 6 3
1147 : 5 4 4
1148 : 2 3 5
1149 : 4 5 6
1150 : 3 2 6
1151 : 4 4 5
1152 : 7 3 3
1153 : 5 4 6
1154 : 6 8 3
1155 : 7 4 7
1156 : 3 6 8
1157 : 7 4 8
1158 : 3 6 8
1159 : 7 4 8
1160 : 6 8 3
1161 : 7 4 8
1162 : 8 3 7
1163 : 8 4 8
1164 : 2 6 3
1165 : 4 5 5
1166 : 2 3 5
1167 : 4 6 6
1168 : 5 3 7
1169 : 8 4 5
1170 : 7 3 6
1171 : 6 4 8
1172 : 7 3 5
1173 : 5 4 8
1174 : 7 3 6
1175 : 6 4 8
1176 : 5 3 7
1177 : 8 4 5
1178 : 6 7 3
1179 : 5 4 8
1180 : 7 3 6
1181 : 5 4 8
1182 : 7 3 6
1183 : 6 4 8
1184 : 7 3 5
1185 : 5 4 8
1186 : 5 3 7
1187 : 8 4 6
1188 : 7 3 6
1189 : 5 4 8
1190 : 7 3 5
1191 : 5 4 8
1192 : 7 3 6
1193 : 4 8 6
1194 : 5 3 7
1195 : 8 4 5
1196 : 7 3 6
1197 : 5 4 8
1198 : 7 3 6
1199 : 5 4 8
1200 : 7 3 5
1201 : 5 4 8
1202 : 7 3 6
1203 : 6 4 8
1204 : 7 3 5
1205 : 6 4 8
1206 : 5 3 7
1207 : 8 4 6
1208 : 7 3 5
1209 : 5 4 8
1210 : 7 3 6
1211 : 6 4 8
1212 : 5 3 7
1213 : 8 4 5
1214 : 7 3 6
1215 : 5 4 8
1216 : 7 3 6
1217 : 5 4 8
1218 : 7 3 6
1219 : 6 4 8
1220 : 7 3 5
1221 : 6 4 8
1222 : 5 3 7
1223 : 8 4 6
1224 : 7 3 5
1225 : 5 4 8
1226 : 7 3 6
1227 : 6 4 8
1228 : 5 3 7
1229 : 8 4 5
1230 : 7 3 6
1231 : 5 4 8
1232 : 7 3 6
1233 : 5 4 8
1234 : 7 3 6
1235 : 6 4 8
1236 : 7 3 5
1237 : 5 4 8
1238 : 5 3 7
1239 : 8 4 6
1240 : 7 3 6
1241 : 5 4 8
1242 : 7 3 5
1243 : 5 4 8
1244 : 7 3 6
1245 : 6 4 8
1246 : 5 3 7
1247 : 8 4 5
1248 : 7 3 6
1249 : 5 4 8
1250 : 7 3 6
1251 : 5 4 8
1252 : 7 3 5
1253 : 5 4 8
1254 : 7 3 6
1255 : 6 4 8
1256 : 7 3 5
1257 : 6 4 8
1258 : 5 3 7
1259 : 8 4 6
1260 : 7 3 5
1261 : 5 4 8
1262 : 7 3 6
1263 : 6 4 8
1264 : 5 3 7
1265 : 8 4 5
1266 : 7 3 6
1267 : 5 4 8
1268 : 7 3 6
1269 : 5 4 8
1270 : 7 3 6
1271 : 4 8 6
1272 : 7 3 5
1273 : 5 4 8
1274 : 5 3 7
1275 : 8 4 6
1276 : 7 3 6
1277 : 5 4 8
1278 : 7 3 5
1279 : 5 4 8
1280 : 7 3 6
1281 : 6 4 8
1282 : 5 3 7
1283 : 8 4 5
1284 : 7 3 6
1285 : 5 4 8
1286 : 7 3 6
1287 : 5 4 8
1288 : 7 3 5
1289 : 5 4 8
1290 : 7 3 6
1291 : 6 4 8
1292 : 7 3 5
1293 : 5 4 8
1294 : 5 3 7
1295 : 8 4 6
1296 : 7 3 6
1297 : 5 4 8
1298 : 7 3 5
1299 : 5 4 8
1300 : 7 3 6
1301 : 6 4 8
1302 : 5 3 7
1303 : 8 4 5
1304 : 7 3 6
1305 : 5 4 8
1306 : 7 3 6
1307 : 5 4 8
1308 : 7 3 5
1309 : 5 4 8
1310 : 7 3 6
1311 : 6 4 8
1312 : 7 3 5
1313 : 6 4 8
1314 : 5 3 7
1315 : 8 4 6
1316 : 7 3 5
1317 : 5 4 8
1318 : 7 3 6
1319 : 6 4 8
1320 : 7 3 5
1321 : 5 4 8
1322 : 5 3 7
1323 : 8 4 6
1324 : 6 4 6
1325 : 8 5 7
1326 : 7 3 5
1327 : 5 4 8
1328 : 7 3 6
1329 : 6 4 8
1330 : 7 3 5
1331 : 6 4 8
1332 : 7 5 3
1333 : 8 4 6
1334 : 7 3 5
1335 : 5 4 8
1336 : 7 3 6
1337 : 6 4 8
1338 : 5 3 7
1339 : 8 4 5
1340 : 7 3 6
1341 : 5 4 8
1342 : 7 3 6
1343 : 5 4 8
1344 : 7 3 5
1345 : 5 4 8
1346 : 7 3 6
1347 : 6 4 8
1348 : 7 3 5
1349 : 5 4 8
1350 : 5 3 7
1351 : 8 4 6
1352 : 7 3 6
1353 : 5 4 8
1354 : 7 3 5
1355 : 5 4 8
1356 : 7 3 6
1357 : 6 4 8
1358 : 5 3 7
1359 : 8 4 5
1360 : 7 3 6
1361 : 5 4 8
1362 : 7 3 6
1363 : 5 4 8
1364 : 7 3 5
1365 : 5 4 8
1366 : 7 3 6
1367 : 6 4 8
1368 : 7 3 5
1369 : 6 4 8
1370 : 5 3 7
1371 : 8 4 6
1372 : 6 3 5
1373 : 5 4 7
1374 : 7 3 6
1375 : 6 4 8
1376 : 7 3 5
1377 : 5 4 8
1378 : 5 3 7
1379 : 8 4 6
1380 : 6 4 6
1381 : 8 5 7
1382 : 7 3 5
1383 : 6 4 8
1384 : 6 4 8
1385 : 6 5 7
