[0]¹øÂ° BB [°¹¼ö : 181]
46 62 94 118 159 165 193 218 223 225 235 294 308 321 343 351 355 377 379 425 431 506 511 523 552 587 603 640 649 654 703 741 757 781 814 830 868 902 906 1011 1021 1022 1025 1028 1063 1087 1098 1148 1150 1174 1224 1295 1298 1324 1412 1418 1434 1435 1519 1529 1560 1570 1644 1659 1672 1677 1709 1711 1713 1850 1853 1861 1907 1930 1953 1992 1993 2052 2082 2114 2182 2226 2227 2241 2307 2308 2309 2324 2326 2431 2467 2472 2473 2474 2475 2478 2479 2489 2493 2501 2504 2505 2506 2554 2575 2580 2585 2587 2588 2590 2591 2592 2593 2668 2758 2759 2802 2846 2847 2865 2866 2867 2938 2939 2969 2970 2971 3041 3042 3043 3050 3051 3052 3062 3069 3070 3071 3111 3112 3211 3214 3321 3322 3323 3324 3325 3363 3364 3365 3366 3367 3371 3394 3395 3396 3405 3406 3407 3409 3414 3416 3417 3448 3449 3450 3493 3578 3580 3582 3583 3615 3616 3617 3618 3619 3624 3628 3629 3697 3698 3713 
[1]¹øÂ° BB [°¹¼ö : 11]
62 91 272 524 552 1682 1724 2656 3364 3365 3366 
[2]¹øÂ° BB [°¹¼ö : 170]
3 36 41 47 59 65 87 91 128 130 131 154 157 158 160 170 187 195 197 203 219 224 237 272 282 283 305 310 316 358 382 396 409 489 493 524 532 550 568 643 645 653 669 673 715 720 725 730 756 759 764 765 767 773 811 825 838 848 884 908 919 948 989 1000 1003 1043 1045 1050 1080 1086 1156 1161 1166 1207 1237 1239 1247 1253 1371 1380 1393 1410 1465 1516 1548 1565 1566 1568 1603 1631 1635 1667 1682 1734 1815 1816 1818 1828 1832 1833 1847 1848 1878 1881 1882 1883 1920 1989 2005 2006 2027 2116 2117 2133 2134 2148 2174 2181 2188 2281 2282 2327 2370 2371 2384 2390 2466 2629 2630 2631 2632 2656 2680 2689 2690 2691 2706 2714 2739 2755 2863 2864 2871 2921 3023 3026 3027 3028 3029 3037 3038 3039 3056 3059 3060 3061 3088 3090 3091 3173 3189 3364 3365 3428 3435 3436 3447 3531 3532 3627 
[3]¹øÂ° BB [°¹¼ö : 105]
62 138 191 200 240 289 310 379 461 465 471 505 524 597 640 651 734 823 825 884 921 939 992 1003 1123 1139 1160 1164 1172 1274 1366 1371 1432 1519 1635 1713 1828 1874 1920 1946 1950 2035 2036 2037 2054 2084 2086 2103 2114 2135 2164 2165 2169 2170 2193 2201 2241 2358 2474 2533 2536 2556 2570 2649 2664 2665 2680 2707 2709 2713 2714 2733 2755 2845 2922 2923 2931 2967 3025 3038 3044 3045 3089 3090 3091 3172 3173 3352 3354 3357 3358 3371 3372 3373 3374 3494 3495 3496 3497 3594 3597 3624 3687 3688 3721 
[4]¹øÂ° BB [°¹¼ö : 130]
112 193 238 261 292 329 339 383 385 403 490 571 578 654 663 678 680 700 703 751 781 814 850 862 924 933 988 1019 1021 1028 1055 1095 1116 1119 1133 1139 1141 1151 1162 1174 1195 1282 1287 1309 1343 1412 1434 1459 1475 1479 1480 1616 1644 1698 1708 1709 1732 1758 1850 1899 1917 1938 1992 2052 2058 2083 2108 2129 2130 2137 2158 2159 2224 2262 2320 2326 2330 2398 2399 2427 2430 2431 2492 2501 2504 2517 2553 2554 2555 2668 2669 2670 2819 2835 2881 2885 2907 2919 2934 2935 2938 2939 2940 2941 2942 3130 3131 3163 3164 3210 3211 3212 3214 3222 3321 3363 3367 3405 3414 3415 3417 3448 3449 3461 3580 3581 3582 3583 3619 3624 
[5]¹øÂ° BB [°¹¼ö : 10]
108 112 1276 1724 2427 2726 2982 3131 3366 3367 
[6]¹øÂ° BB [°¹¼ö : 108]
16 18 65 76 85 108 130 154 176 203 213 237 348 358 396 538 618 621 627 673 758 787 836 838 862 871 909 917 922 944 948 1000 1043 1066 1067 1207 1251 1253 1261 1276 1301 1457 1516 1530 1548 1603 1604 1606 1613 1645 1646 1724 1745 1746 1747 1748 1790 1791 1798 1805 1814 1816 1817 1818 1933 1994 2031 2133 2141 2174 2181 2199 2210 2259 2279 2300 2301 2361 2390 2466 2482 2523 2524 2525 2606 2607 2608 2609 2656 2726 2746 2982 2998 3056 3059 3060 3130 3131 3132 3133 3187 3206 3207 3208 3265 3266 3531 3627 
[7]¹øÂ° BB [°¹¼ö : 51]
45 111 246 307 330 403 404 465 571 597 984 1074 1123 1139 1142 1228 1290 1366 1389 1430 1522 1547 1636 1693 1714 1723 1856 2036 2037 2103 2135 2315 2385 2536 2567 2596 2649 2653 2654 2709 2794 2842 2843 2931 2967 3165 3352 3357 3358 3594 3687 
[8]¹øÂ° BB [°¹¼ö : 14]
144 148 336 1176 1218 1392 1533 1823 1918 2043 2072 2089 2816 3113 
[9]¹øÂ° BB [°¹¼ö : 193]
2 14 144 188 189 194 220 222 252 270 279 336 354 442 451 472 478 537 551 606 619 641 647 671 740 779 798 828 846 857 861 896 938 946 967 986 995 1041 1064 1069 1090 1111 1122 1124 1173 1175 1176 1201 1218 1234 1235 1262 1310 1311 1314 1323 1369 1372 1392 1400 1401 1404 1415 1501 1533 1544 1563 1564 1572 1609 1625 1627 1628 1639 1668 1700 1716 1741 1753 1773 1785 1787 1837 1838 1839 1842 1858 1884 1885 1886 1887 1888 1902 1903 1945 1949 1979 1980 2023 2026 2033 2034 2038 2063 2072 2089 2090 2143 2144 2145 2155 2156 2167 2168 2183 2184 2239 2243 2270 2275 2276 2278 2319 2397 2495 2647 2650 2674 2769 2791 2792 2795 2796 2797 2798 2856 2860 2878 2882 2983 3004 3055 3103 3104 3106 3107 3113 3124 3134 3194 3195 3218 3219 3227 3228 3229 3230 3231 3232 3233 3245 3246 3247 3319 3320 3334 3387 3420 3438 3439 3441 3442 3502 3503 3504 3535 3536 3539 3540 3541 3542 3543 3544 3545 3552 3553 3648 3649 3650 3668 3669 3703 3704 
[10]¹øÂ° BB [°¹¼ö : 98]
55 63 90 166 177 182 227 233 252 271 315 400 401 420 468 478 488 492 607 624 688 694 729 824 841 842 844 1008 1030 1042 1053 1058 1106 1111 1117 1146 1184 1254 1256 1291 1304 1353 1367 1369 1370 1381 1385 1411 1414 1424 1496 1605 1609 1716 1756 1931 1932 1934 1935 2069 2088 2090 2091 2092 2112 2124 2209 2231 2250 2251 2270 2293 2294 2397 2435 2546 2547 2716 2836 2837 2901 2902 3066 3102 3124 3162 3193 3194 3195 3218 3220 3221 3245 3252 3253 3254 3255 3705 
[11]¹øÂ° BB [°¹¼ö : 165]
27 77 88 98 135 143 176 177 185 203 216 281 304 315 316 338 384 413 436 450 488 492 522 532 533 542 612 653 699 705 708 720 736 742 789 812 813 824 844 874 882 1020 1061 1137 1145 1156 1184 1273 1286 1291 1374 1376 1383 1411 1414 1422 1452 1454 1490 1491 1492 1496 1582 1626 1642 1674 1675 1697 1727 1729 1751 1752 1779 1790 1814 1847 1848 1866 1890 1912 1918 1926 1939 1951 1974 1975 1996 1997 2013 2018 2043 2055 2065 2072 2089 2090 2092 2112 2149 2174 2188 2194 2258 2293 2349 2432 2460 2518 2519 2520 2521 2522 2599 2619 2620 2633 2634 2681 2770 2771 2816 2817 2818 2820 2821 2822 2859 2868 2869 2870 2876 2877 2894 2921 2926 2927 2952 2953 2954 2955 2962 2965 2966 3113 3141 3142 3143 3144 3198 3385 3426 3427 3429 3432 3433 3434 3435 3436 3452 3453 3454 3455 3605 3675 3676 
[12]¹øÂ° BB [°¹¼ö : 11]
148 336 646 953 1052 1178 2646 2674 3115 3613 3614 
[13]¹øÂ° BB [°¹¼ö : 127]
14 109 171 179 220 245 255 263 374 378 389 394 495 537 555 556 600 646 671 779 783 808 849 901 927 928 986 987 1004 1031 1077 1082 1091 1099 1109 1134 1173 1175 1178 1202 1225 1233 1234 1235 1316 1322 1326 1397 1400 1486 1489 1503 1517 1563 1588 1670 1700 1730 1749 1750 1753 1761 1762 1767 1785 1858 1863 1902 1903 1936 2000 2019 2023 2024 2034 2038 2051 2057 2076 2077 2081 2132 2155 2243 2260 2264 2359 2360 2409 2410 2529 2552 2646 2674 2688 2727 2791 2792 2793 2796 2838 2844 2860 2906 2968 3009 3046 3047 3058 3097 3098 3134 3229 3336 3337 3338 3438 3439 3442 3491 3492 3502 3503 3504 3539 3668 3669 
[14]¹øÂ° BB [°¹¼ö : 60]
271 401 408 458 536 567 592 624 625 636 687 739 821 866 892 916 958 968 1023 1053 1071 1097 1099 1146 1158 1163 1271 1338 1357 1377 1381 1385 1461 1605 1685 1700 1704 1766 1767 1797 1862 1908 1983 2051 2176 2177 2231 2250 2251 2397 2408 2458 2546 2547 2814 2836 2837 3101 3102 3255 
[15]¹øÂ° BB [°¹¼ö : 111]
1 27 54 98 110 122 123 148 173 247 298 340 384 460 499 525 548 554 613 623 627 780 802 803 917 1052 1061 1066 1067 1136 1192 1246 1251 1376 1577 1697 1790 1814 1823 1844 1890 1918 1919 1942 2013 2146 2151 2163 2211 2252 2259 2316 2333 2394 2424 2511 2512 2620 2622 2657 2659 2697 2718 2719 2750 2780 2805 2808 2820 2821 2822 2853 2854 2859 2877 2892 2893 2894 2966 3114 3272 3273 3274 3275 3351 3353 3360 3393 3404 3418 3425 3426 3427 3452 3453 3454 3455 3527 3562 3567 3568 3569 3601 3606 3613 3614 3636 3637 3662 3675 3676 
[16]¹øÂ° BB [°¹¼ö : 163]
19 26 42 79 88 101 192 206 210 226 266 314 413 501 517 557 598 605 626 635 721 722 727 731 769 771 772 785 788 817 854 867 877 918 935 945 956 959 1010 1018 1047 1088 1130 1147 1149 1171 1205 1206 1212 1221 1222 1223 1248 1264 1333 1344 1345 1356 1382 1386 1388 1399 1408 1433 1455 1463 1481 1484 1492 1498 1513 1569 1571 1633 1634 1637 1638 1641 1674 1680 1757 1779 1782 1794 1795 1865 1866 1890 1904 1905 1929 1948 1952 1966 1967 2015 2025 2149 2150 2161 2212 2229 2267 2284 2287 2304 2414 2415 2464 2465 2503 2579 2581 2582 2583 2584 2595 2655 2763 2827 2828 2870 2956 2957 2973 2974 2975 2976 2977 2978 2979 2981 2984 3067 3068 3072 3078 3079 3080 3081 3082 3083 3248 3385 3533 3537 3538 3555 3556 3604 3605 3607 3625 3626 3662 3665 3670 3671 3691 3693 3694 3695 3696 
[17]¹øÂ° BB [°¹¼ö : 12]
79 88 326 492 882 1424 1638 3066 3067 3068 3101 3102 
[18]¹øÂ° BB [°¹¼ö : 0]

[19]¹øÂ° BB [°¹¼ö : 129]
22 70 72 86 114 125 151 169 199 236 334 349 371 434 470 509 566 584 588 604 635 637 770 839 855 864 875 897 914 952 962 1035 1036 1070 1120 1275 1333 1342 1440 1451 1512 1514 1520 1521 1561 1590 1633 1755 1759 1775 1777 1782 1877 1948 1999 2047 2070 2100 2111 2213 2235 2244 2274 2288 2295 2335 2344 2348 2355 2362 2364 2365 2425 2448 2449 2450 2453 2484 2490 2503 2564 2579 2643 2644 2645 2738 2775 2776 2783 2811 2827 2828 2857 2887 2895 2961 2963 2964 2972 2973 3072 3073 3074 3075 3119 3120 3121 3122 3148 3150 3151 3152 3243 3244 3267 3283 3285 3298 3299 3300 3570 3571 3657 3659 3709 3710 3711 3719 3720 
[20]¹øÂ° BB [°¹¼ö : 95]
42 51 84 184 226 275 309 311 361 393 454 498 570 712 727 771 815 858 879 1017 1018 1051 1100 1112 1125 1127 1186 1213 1221 1222 1223 1257 1406 1429 1442 1526 1571 1665 1803 1868 1871 1915 1940 1947 1981 1998 2015 2039 2042 2212 2228 2229 2257 2283 2284 2347 2417 2426 2480 2511 2655 2682 2683 2763 2823 2960 2979 2984 3008 3053 3078 3079 3083 3184 3204 3205 3209 3215 3248 3527 3528 3529 3530 3533 3534 3555 3556 3606 3607 3662 3663 3664 3665 3666 3667 
[21]¹øÂ° BB [°¹¼ö : 14]
311 1023 1097 1125 1908 1983 2814 2979 3067 3101 3136 3158 3182 3184 
[22]¹øÂ° BB [°¹¼ö : 0]

[23]¹øÂ° BB [°¹¼ö : 66]
71 73 83 120 139 156 164 349 406 421 454 570 604 665 675 743 931 966 982 1016 1035 1048 1076 1154 1186 1223 1242 1402 1419 1440 1443 1502 1512 1514 1558 1849 1869 1870 2030 2235 2288 2564 2565 2779 2961 2964 2972 3072 3138 3145 3152 3159 3160 3223 3243 3244 3283 3285 3299 3300 3652 3653 3656 3657 3658 3659 
[24]¹øÂ° BB [°¹¼ö : 21]
249 325 505 539 669 1247 1269 1274 1536 1740 1920 1925 1944 2094 2545 2733 2928 3032 3490 3495 3496 
[25]¹øÂ° BB [°¹¼ö : 154]
16 31 36 57 96 97 153 162 181 211 237 241 249 274 287 296 300 331 353 356 359 388 407 410 428 433 466 482 513 526 539 549 589 648 682 701 745 756 760 766 774 834 951 955 971 975 979 1029 1105 1110 1126 1231 1247 1258 1267 1269 1315 1318 1332 1380 1410 1441 1468 1476 1515 1536 1545 1549 1551 1552 1556 1557 1640 1660 1673 1686 1721 1739 1740 1821 1836 1840 1855 1978 1984 2008 2094 2095 2178 2180 2200 2204 2221 2268 2269 2292 2310 2314 2322 2323 2331 2332 2338 2381 2420 2498 2499 2500 2544 2545 2568 2569 2578 2598 2623 2624 2637 2702 2711 2765 2766 2767 2768 2790 2799 2801 2833 2834 2910 2917 2943 2944 2945 2946 3026 3027 3028 3031 3048 3049 3054 3123 3125 3126 3127 3279 3280 3343 3572 3573 3587 3595 3596 3686 
[26]¹øÂ° BB [°¹¼ö : 154]
12 13 19 60 61 64 70 95 101 125 152 199 209 214 221 241 284 293 342 371 418 434 435 459 486 504 648 667 682 696 714 723 771 792 839 877 894 905 942 951 954 955 962 1088 1100 1131 1281 1285 1289 1318 1348 1352 1373 1384 1455 1524 1549 1552 1559 1585 1586 1587 1590 1633 1663 1840 1897 1904 1905 1999 2041 2070 2127 2128 2162 2219 2222 2242 2245 2317 2337 2362 2364 2365 2494 2498 2499 2513 2561 2562 2574 2636 2637 2642 2644 2645 2702 2710 2711 2712 2743 2744 2753 2761 2762 2775 2783 2784 2815 2834 2875 2886 2945 2946 2999 3099 3119 3120 3148 3149 3185 3186 3250 3251 3279 3326 3327 3384 3389 3390 3392 3397 3519 3520 3521 3563 3564 3565 3576 3577 3579 3611 3612 3677 3678 3679 3680 3706 3707 3708 3714 3715 3716 3717 
[27]¹øÂ° BB [°¹¼ö : 0]

[28]¹øÂ° BB [°¹¼ö : 15]
232 502 505 597 782 976 1290 1315 1632 1781 1925 2545 2567 2604 2605 
[29]¹øÂ° BB [°¹¼ö : 99]
10 16 33 99 126 141 228 274 290 295 301 319 331 352 426 433 449 512 526 529 546 553 595 614 618 737 745 774 782 787 831 834 843 904 923 976 979 1007 1128 1157 1193 1267 1284 1315 1332 1466 1468 1500 1530 1597 1640 1678 1720 1754 1780 1781 1822 1892 1893 1896 1913 1969 2087 2173 2178 2179 2205 2206 2246 2291 2292 2302 2303 2322 2323 2346 2378 2379 2380 2381 2412 2416 2461 2462 2463 2514 2578 2635 2711 2712 2732 2799 2917 3031 3040 3054 3280 3595 3596 
[30]¹øÂ° BB [°¹¼ö : 86]
10 82 228 260 295 301 322 364 393 448 498 642 738 816 839 885 905 926 955 1100 1108 1211 1296 1524 1526 1558 1575 1585 1665 1669 1754 1780 1830 1868 1897 2017 2045 2110 2154 2302 2312 2346 2412 2561 2562 2700 2710 2712 2735 2736 2749 2753 2757 2875 2886 2980 3016 3040 3138 3140 3153 3161 3280 3309 3335 3389 3390 3391 3474 3475 3516 3520 3521 3564 3574 3575 3576 3641 3642 3653 3654 3655 3656 3657 3678 3681 
[31]¹øÂ° BB [°¹¼ö : 0]

[32]¹øÂ° BB [°¹¼ö : 132]
32 149 212 213 238 261 264 385 422 429 447 457 487 497 518 563 578 656 663 751 775 820 837 840 862 933 963 973 1001 1019 1026 1046 1054 1055 1095 1113 1141 1162 1179 1195 1259 1260 1272 1277 1278 1282 1283 1287 1306 1347 1364 1460 1475 1616 1618 1647 1698 1732 1758 1859 1864 1898 1899 2003 2011 2053 2058 2083 2102 2108 2130 2137 2142 2157 2158 2159 2197 2198 2220 2223 2224 2249 2256 2262 2404 2421 2422 2481 2527 2528 2555 2559 2572 2589 2686 2687 2708 2717 2723 2724 2819 2835 2881 2884 2885 2888 2911 2915 2916 2918 2919 2920 2986 3030 3135 3139 3164 3236 3237 3259 3291 3310 3383 3443 3444 3445 3446 3498 3501 3512 3690 3692 
[33]¹øÂ° BB [°¹¼ö : 0]

[34]¹øÂ° BB [°¹¼ö : 126]
18 53 76 78 85 104 113 147 213 239 248 268 333 348 411 483 530 581 602 608 613 621 627 632 666 709 735 737 758 800 820 856 860 888 895 899 922 1014 1057 1065 1067 1121 1132 1135 1167 1168 1169 1230 1243 1270 1292 1301 1306 1330 1334 1437 1457 1495 1506 1528 1530 1535 1562 1602 1607 1620 1645 1646 1662 1695 1717 1744 1745 1747 1763 1786 1789 1954 1972 2011 2031 2046 2049 2050 2101 2141 2207 2208 2300 2305 2361 2394 2395 2470 2471 2524 2525 2540 2606 2621 2622 2678 2679 2850 2873 2874 2896 2897 3021 3024 3076 3084 3085 3086 3087 3132 3133 3187 3206 3208 3265 3266 3312 3313 3348 3437 
[35]¹øÂ° BB [°¹¼ö : 58]
45 129 142 146 307 317 357 484 487 562 571 674 863 925 984 1074 1142 1359 1421 1636 1690 1714 1796 1845 1856 1857 1943 2009 2078 2121 2223 2224 2385 2486 2487 2515 2526 2531 2596 2640 2653 2720 2722 2794 2824 2826 2842 2843 3147 3165 3168 3169 3176 3310 3408 3467 3468 3522 
[36]¹øÂ° BB [°¹¼ö : 198]
6 20 32 38 49 69 81 121 137 172 198 229 267 332 335 350 357 365 375 380 437 440 445 452 491 494 496 520 531 563 569 576 582 609 611 644 683 706 711 713 716 717 728 732 733 761 775 778 796 829 911 943 963 969 1001 1005 1006 1013 1026 1033 1046 1056 1068 1072 1075 1104 1113 1165 1177 1226 1250 1252 1266 1277 1347 1361 1363 1364 1365 1368 1420 1425 1436 1438 1460 1472 1485 1510 1532 1537 1580 1591 1592 1599 1600 1601 1643 1653 1655 1664 1808 1859 1864 1867 1914 1990 1991 2001 2002 2003 2040 2068 2097 2102 2142 2166 2171 2172 2202 2203 2247 2253 2254 2336 2393 2403 2404 2423 2481 2527 2528 2541 2559 2572 2589 2610 2613 2616 2617 2639 2658 2781 2898 2899 2900 2911 2924 2925 2947 2985 2986 2987 2988 2989 3030 3100 3110 3238 3239 3260 3261 3262 3263 3290 3291 3296 3310 3311 3368 3383 3440 3444 3445 3451 3456 3457 3458 3498 3499 3500 3501 3509 3510 3511 3512 3513 3514 3550 3551 3557 3602 3603 3651 3689 3690 3692 3722 3723 
[37]¹øÂ° BB [°¹¼ö : 5]
544 683 2097 3296 3297 
[38]¹øÂ° BB [°¹¼ö : 176]
7 15 21 50 100 117 175 251 268 291 312 318 344 366 369 391 392 398 412 415 423 462 481 500 515 544 565 577 593 602 620 633 638 650 652 672 677 709 735 744 753 755 768 791 806 820 827 869 876 888 889 891 936 937 960 990 996 1009 1024 1037 1046 1057 1103 1114 1121 1132 1138 1144 1159 1182 1280 1292 1299 1300 1319 1331 1334 1350 1354 1358 1413 1423 1428 1447 1450 1456 1482 1495 1508 1509 1511 1555 1562 1619 1661 1662 1681 1691 1710 1731 1744 1811 1819 1921 1923 1924 1954 2004 2020 2028 2060 2061 2062 2096 2098 2106 2125 2152 2175 2185 2186 2218 2290 2305 2306 2328 2334 2339 2353 2354 2377 2382 2442 2443 2444 2456 2457 2470 2540 2586 2627 2628 2679 2699 2704 2850 2883 2896 2897 2903 2904 2905 2912 2929 3020 3022 3024 3057 3077 3084 3085 3086 3087 3213 3264 3294 3295 3296 3297 3301 3302 3303 3348 3349 3350 3437 
[39]¹øÂ° BB [°¹¼ö : 109]
15 100 172 183 242 317 357 368 392 464 480 484 515 527 544 596 609 638 674 684 698 755 763 806 852 869 913 1002 1152 1185 1216 1300 1313 1319 1407 1436 1447 1477 1483 1581 1615 1649 1650 1651 1654 1656 1658 1664 1765 1796 1845 1846 1927 2009 2010 2012 2020 2066 2068 2093 2096 2097 2098 2099 2186 2203 2321 2334 2353 2392 2456 2515 2614 2615 2618 2639 2640 2720 2721 2722 2774 2813 2824 2826 2872 2899 2947 2990 2991 2992 2993 3010 3011 3109 3110 3128 3129 3168 3176 3293 3311 3408 3410 3451 3463 3467 3468 3469 3477 
[40]¹øÂ° BB [°¹¼ö : 4]
691 1052 3114 3115 
[41]¹øÂ° BB [°¹¼ö : 135]
11 28 68 105 109 127 132 133 196 255 263 320 389 394 467 475 479 534 556 564 591 646 691 762 783 795 804 809 819 878 880 928 953 964 987 1031 1032 1060 1081 1091 1107 1115 1155 1244 1268 1316 1322 1341 1360 1397 1426 1448 1489 1499 1517 1567 1610 1730 1733 1760 1766 1767 1768 1788 1800 1812 1843 1873 1880 1901 1916 2076 2077 2080 2115 2119 2132 2147 2260 2264 2272 2273 2359 2366 2368 2409 2410 2428 2429 2491 2551 2552 2558 2638 2641 2688 2695 2698 2727 2734 2778 2800 2844 2906 2936 2937 2948 2949 2950 2951 3006 3009 3012 3018 3019 3033 3034 3092 3093 3094 3095 3096 3097 3115 3116 3286 3289 3388 3466 3478 3479 3484 3491 3492 3599 
[42]¹øÂ° BB [°¹¼ö : 58]
124 132 163 204 285 346 463 567 579 636 687 821 866 890 892 916 958 1032 1071 1096 1097 1220 1338 1357 1360 1390 1417 1487 1578 1617 1624 1766 1812 1813 1941 1968 2176 2177 2372 2408 2548 2600 2601 2602 2603 2701 3007 3033 3136 3234 3235 3258 3341 3342 3486 3487 3548 3549 
[43]¹øÂ° BB [°¹¼ö : 109]
0 5 29 66 110 122 133 239 280 333 340 387 414 455 499 525 608 659 662 666 691 709 750 803 980 991 994 997 1102 1118 1204 1217 1244 1246 1340 1387 1497 1518 1525 1607 1657 1688 1694 1712 1735 1784 1826 2085 2151 2211 2248 2252 2280 2343 2394 2395 2424 2512 2534 2543 2594 2621 2622 2693 2697 2705 2718 2752 2764 2777 2778 2780 2804 2805 2806 2807 2808 2832 2996 3076 3077 3114 3174 3217 3274 3339 3351 3353 3355 3356 3359 3360 3361 3362 3404 3418 3419 3473 3481 3482 3524 3525 3526 3558 3559 3562 3601 3636 3637 
[44]¹øÂ° BB [°¹¼ö : 11]
89 616 1191 1328 1449 2356 2357 2539 3282 3328 3584 
[45]¹øÂ° BB [°¹¼ö : 204]
8 30 56 67 68 89 105 107 178 186 273 288 328 360 367 381 424 432 444 453 475 477 479 514 535 558 574 585 594 628 655 686 689 692 697 704 719 726 786 793 797 801 809 826 833 845 880 883 898 912 930 949 978 981 983 1034 1044 1049 1081 1085 1194 1196 1249 1288 1307 1320 1327 1328 1337 1341 1346 1355 1391 1403 1426 1439 1445 1448 1462 1505 1527 1579 1583 1584 1610 1611 1612 1666 1684 1692 1706 1707 1725 1742 1764 1768 1792 1793 1800 1801 1802 1804 1806 1807 1860 1873 1879 1880 1900 1964 2080 2115 2153 2230 2271 2272 2340 2341 2342 2350 2351 2352 2356 2357 2363 2366 2367 2368 2369 2400 2401 2402 2428 2429 2468 2469 2477 2491 2532 2538 2539 2557 2558 2560 2563 2597 2641 2692 2694 2695 2698 2734 2737 2772 2773 2803 2809 2810 2932 2933 2937 2949 2951 3000 3012 3015 3018 3019 3034 3035 3036 3175 3177 3181 3190 3191 3249 3276 3277 3278 3281 3286 3287 3288 3289 3329 3331 3332 3333 3462 3464 3465 3466 3488 3489 3554 3566 3584 3590 3599 3600 3672 3673 3674 
[46]¹øÂ° BB [°¹¼ö : 93]
48 74 124 150 163 174 202 204 262 285 327 347 560 572 579 630 657 707 746 799 807 883 920 1015 1170 1214 1219 1303 1307 1312 1339 1378 1394 1467 1487 1488 1617 1624 1719 1764 1860 1937 1941 1968 1973 2007 2236 2237 2238 2277 2329 2405 2406 2436 2437 2440 2441 2459 2548 2549 2550 2671 2677 2703 2740 2741 2742 2825 3033 3034 3036 3188 3199 3200 3201 3202 3235 3328 3329 3330 3331 3341 3483 3485 3486 3487 3488 3489 3584 3585 3586 3588 3589 
[47]¹øÂ° BB [°¹¼ö : 176]
9 25 40 43 66 92 106 190 230 231 239 251 257 258 262 269 280 341 345 366 387 397 414 415 455 508 561 610 616 620 629 634 659 676 677 702 750 805 832 847 872 887 934 957 997 1027 1073 1094 1101 1114 1118 1138 1191 1200 1203 1204 1214 1215 1217 1229 1263 1265 1297 1308 1321 1350 1375 1395 1396 1398 1458 1464 1467 1469 1470 1471 1497 1525 1531 1542 1662 1671 1694 1699 1702 1703 1712 1719 1743 1784 1809 1810 1841 1875 1876 1891 1922 1923 1924 1957 1961 1971 1973 1976 1977 2007 2056 2059 2113 2232 2233 2248 2265 2266 2272 2280 2296 2297 2298 2299 2325 2356 2436 2437 2455 2476 2534 2535 2537 2543 2594 2648 2671 2675 2676 2677 2684 2685 2693 2699 2778 2825 2852 3014 3077 3174 3178 3179 3192 3196 3197 3199 3200 3256 3257 3282 3284 3328 3339 3340 3344 3345 3346 3347 3369 3370 3375 3546 3547 3558 3559 3585 3586 3591 3592 3593 
[48]¹øÂ° BB [°¹¼ö : 100]
5 51 71 84 103 119 145 180 184 265 286 417 438 469 485 664 681 853 858 859 870 879 886 961 966 999 1017 1040 1051 1112 1127 1186 1197 1198 1199 1257 1294 1351 1473 1478 1589 1596 1676 1683 1687 1696 1771 1772 1776 1835 1940 1947 1960 1963 1970 2039 2042 2187 2189 2214 2217 2347 2407 2417 2502 2509 2510 2511 2512 2516 2571 2652 2683 2705 2747 2812 2831 2839 2861 2960 3001 3002 3003 3053 3118 3154 3155 3156 3157 3180 3204 3205 3217 3225 3379 3380 3528 3534 3663 3664 
[49]¹øÂ° BB [°¹¼ö : 16]
180 485 1981 2372 3007 3108 3136 3157 3158 3182 3184 3204 3225 3258 3308 3342 
[50]¹øÂ° BB [°¹¼ö : 0]

[51]¹øÂ° BB [°¹¼ö : 75]
37 73 83 119 139 156 161 164 207 234 421 476 516 545 668 675 743 784 810 822 853 903 941 966 985 1012 1040 1140 1183 1199 1242 1245 1502 1523 1558 1722 1726 1771 1849 1868 2045 2071 2261 2263 2311 2313 2345 2347 2375 2391 2439 2542 2660 2661 2662 2730 2754 3002 3063 3064 3117 3118 3137 3153 3160 3223 3224 3421 3518 3620 3621 3622 3623 3660 3661 
[52]¹øÂ° BB [°¹¼ö : 149]
17 75 102 103 106 116 119 155 167 180 215 256 277 286 297 323 324 370 386 417 443 547 629 695 710 752 777 865 873 886 887 900 915 929 957 965 974 999 1039 1079 1083 1084 1093 1143 1153 1217 1227 1293 1294 1336 1379 1396 1431 1478 1504 1531 1534 1540 1574 1589 1595 1596 1621 1676 1718 1736 1738 1772 1776 1778 1820 1824 1825 1829 1831 1834 1894 1960 1961 1962 1963 1965 1970 1971 1982 1985 1986 1987 1988 2014 2016 2118 2120 2122 2131 2138 2187 2214 2215 2217 2234 2255 2285 2286 2289 2383 2388 2389 2571 2675 2705 2745 2747 2751 2782 2812 2830 2831 2848 2849 2852 2855 2858 2861 2862 3001 3065 3108 3146 3154 3166 3167 3180 3183 3203 3240 3241 3242 3375 3421 3423 3424 3476 3608 3609 3610 3683 3684 3685 
[53]¹øÂ° BB [°¹¼ö : 18]
155 865 965 1255 1719 3108 3307 3308 3341 3342 3375 3476 3588 3589 3682 3683 3684 3685 
[54]¹øÂ° BB [°¹¼ö : 0]

[55]¹øÂ° BB [°¹¼ö : 121]
4 17 93 140 208 215 234 243 244 256 303 313 337 362 370 372 373 402 405 416 441 446 503 510 516 521 543 622 661 679 681 685 724 747 748 749 752 784 810 822 835 851 941 947 950 970 974 1039 1079 1093 1180 1181 1183 1208 1241 1305 1317 1427 1474 1494 1546 1550 1553 1554 1573 1593 1594 1595 1598 1629 1726 1872 1889 1909 1910 1955 1956 1958 1959 2071 2073 2074 2075 2139 2216 2217 2234 2345 2374 2375 2376 2396 2439 2496 2497 2542 2566 2663 2666 2728 2729 2730 2840 2841 2851 2930 3064 3240 3241 3317 3318 3381 3382 3412 3413 3421 3422 3620 3621 3622 3623 
[56]¹øÂ° BB [°¹¼ö : 18]
45 142 217 232 306 473 925 1236 1538 1632 1783 2022 2485 2486 2487 2567 2604 2725 
[57]¹øÂ° BB [°¹¼ö : 87]
39 44 58 78 99 168 201 217 232 248 254 290 295 352 390 426 427 553 586 590 670 737 782 895 923 1038 1078 1187 1193 1209 1236 1240 1284 1362 1444 1507 1622 1623 1678 1679 1705 1720 1728 1783 1892 1896 1911 2048 2064 2079 2107 2109 2140 2154 2205 2206 2207 2208 2246 2303 2378 2379 2380 2386 2387 2451 2454 2462 2463 2514 2625 2626 2635 2673 2696 2732 2785 2789 2889 2890 2891 2908 2909 2997 3216 3376 3411 
[58]¹øÂ° BB [°¹¼ö : 83]
34 254 260 265 302 322 364 448 474 476 583 615 639 642 790 885 932 972 1211 1296 1349 1444 1523 1622 1774 1780 1852 2021 2044 2045 2109 2110 2123 2154 2189 2225 2312 2451 2452 2454 2696 2700 2715 2732 2754 2995 3002 3003 3016 3137 3153 3224 3226 3292 3335 3386 3400 3401 3402 3403 3460 3474 3475 3480 3505 3506 3508 3515 3516 3517 3523 3598 3630 3631 3632 3633 3639 3644 3646 3647 3654 3699 3700 
[59]¹øÂ° BB [°¹¼ö : 0]

[60]¹øÂ° BB [°¹¼ö : 27]
253 462 893 993 998 1238 1453 1538 1539 1845 1846 1927 2022 2185 2186 2485 2486 2725 2813 3264 3268 3269 3271 3410 3560 3561 3712 
[61]¹øÂ° BB [°¹¼ö : 145]
23 24 35 52 58 115 134 136 201 205 248 250 253 254 276 299 363 376 395 419 430 439 474 507 519 528 559 573 575 586 599 601 617 631 690 693 718 753 754 776 791 794 881 893 910 940 977 993 1038 1062 1187 1189 1209 1236 1240 1299 1302 1335 1409 1416 1446 1493 1495 1507 1539 1541 1543 1576 1614 1623 1630 1648 1652 1695 1705 1710 1715 1731 1769 1770 1851 1854 1895 1928 1995 2022 2048 2064 2067 2107 2136 2160 2192 2195 2240 2290 2328 2418 2433 2434 2438 2488 2507 2508 2573 2576 2577 2611 2612 2626 2667 2672 2673 2756 2760 2785 2786 2787 2788 2829 2889 2890 2909 2913 2914 2958 2959 2997 3170 3171 3213 3264 3270 3271 3376 3377 3378 3398 3399 3411 3430 3431 3560 3561 3718 
[62]¹øÂ° BB [°¹¼ö : 138]
34 80 134 208 243 259 278 299 302 303 372 373 399 402 430 456 474 507 516 519 521 540 541 580 617 631 639 658 660 681 747 776 818 907 1059 1089 1092 1093 1129 1188 1189 1190 1208 1210 1232 1241 1279 1325 1329 1349 1405 1507 1553 1554 1608 1689 1701 1715 1737 1799 1827 1906 1958 2021 2029 2032 2044 2104 2105 2126 2190 2191 2192 2195 2196 2216 2234 2318 2373 2374 2396 2411 2413 2419 2445 2446 2447 2454 2483 2497 2530 2566 2651 2731 2748 2754 2879 2880 2994 2995 3003 3005 3013 3017 3105 3226 3304 3305 3306 3314 3315 3316 3317 3318 3386 3400 3401 3431 3459 3460 3470 3471 3472 3506 3507 3630 3634 3635 3638 3639 3640 3643 3644 3645 3646 3699 3701 3702 
[63]¹øÂ° BB [°¹¼ö : 0]

