500 [Object 0 Min] -2.893951 1.169715 -0.788846 0.000000
500 [Object 0 Max] -2.449072 1.778008 -0.285470 0.000000
500 [Object 0 Index] 0.000000 43.000000 0.000000 112.000000

500 [Object 1 Min] -2.698789 1.135241 -0.788846 0.000000
500 [Object 1 Max] -2.331142 1.774960 -0.287348 0.000000
500 [Object 1 Index] 0.000000 64.000000 112.000000 99.000000

500 [Object 2 Min] -2.697171 1.169023 -0.521234 0.000000
500 [Object 2 Max] -2.331142 1.812871 0.137909 0.000000
500 [Object 2 Index] 0.000000 45.000000 211.000000 68.000000

500 [Object 3 Min] -2.893951 1.189205 -0.535023 0.000000
500 [Object 3 Max] -2.460592 1.809823 0.116854 0.000000
500 [Object 3 Index] 0.000000 18.000000 279.000000 81.000000

500 [Object 4 Min] -2.893952 0.603588 -0.765771 0.000000
500 [Object 4 Max] -2.473266 1.381671 -0.264035 0.000000
500 [Object 4 Index] 0.000000 40.000000 360.000000 100.000000

500 [Object 5 Min] -2.630260 0.571057 -0.765771 0.000000
500 [Object 5 Max] -2.331142 1.313727 -0.240741 0.000000
500 [Object 5 Index] 0.000000 63.000000 460.000000 86.000000

500 [Object 6 Min] -2.331144 0.585328 -0.503034 0.000000
500 [Object 6 Max] -2.331142 1.386674 0.119008 0.000000
500 [Object 6 Index] 0.000000 34.000000 546.000000 53.000000

500 [Object 7 Min] -2.893952 0.557412 -0.497142 0.000000
500 [Object 7 Max] -2.893950 1.413497 0.142020 0.000000
500 [Object 7 Index] 0.000000 23.000000 599.000000 55.000000

500 [Object 8 Min] -2.180389 1.263415 -0.788846 0.000000
500 [Object 8 Max] -1.820817 1.840569 -0.394964 0.000000
500 [Object 8 Index] 0.000000 0.000000 654.000000 0.000000

500 [Object 9 Min] -1.820817 1.263415 -0.788846 0.000000
500 [Object 9 Max] -1.461245 1.840569 -0.394964 0.000000
500 [Object 9 Index] 0.000000 0.000000 654.000000 0.000000

500 [Object 10 Min] -1.820817 1.263415 -0.394965 0.000000
500 [Object 10 Max] -1.461245 1.840569 -0.001083 0.000000
500 [Object 10 Index] 0.000000 0.000000 654.000000 0.000000

500 [Object 11 Min] -2.180389 1.263415 -0.394965 0.000000
500 [Object 11 Max] -1.820817 1.840569 -0.001083 0.000000
500 [Object 11 Index] 0.000000 0.000000 654.000000 0.000000

500 [Object 12 Min] -2.180389 0.686261 -0.788846 0.000000
500 [Object 12 Max] -1.820817 1.263415 -0.394964 0.000000
500 [Object 12 Index] 0.000000 0.000000 654.000000 0.000000

500 [Object 13 Min] -1.820817 0.686261 -0.788846 0.000000
500 [Object 13 Max] -1.461245 1.263415 -0.394964 0.000000
500 [Object 13 Index] 0.000000 0.000000 654.000000 0.000000

500 [Object 14 Min] -1.820817 0.686261 -0.394965 0.000000
500 [Object 14 Max] -1.461245 1.263415 -0.001083 0.000000
500 [Object 14 Index] 0.000000 0.000000 654.000000 0.000000

500 [Object 15 Min] -2.180389 0.686261 -0.394965 0.000000
500 [Object 15 Max] -1.820817 1.263415 -0.001083 0.000000
500 [Object 15 Index] 0.000000 0.000000 654.000000 0.000000

500 [Object 16 Min] -2.180389 1.263415 -0.001083 0.000000
500 [Object 16 Max] -1.820817 1.840569 0.392798 0.000000
500 [Object 16 Index] 0.000000 0.000000 654.000000 0.000000

500 [Object 17 Min] -1.820817 1.263415 -0.001083 0.000000
500 [Object 17 Max] -1.461245 1.840569 0.392798 0.000000
500 [Object 17 Index] 0.000000 0.000000 654.000000 0.000000

500 [Object 18 Min] -1.820817 1.263415 0.392798 0.000000
500 [Object 18 Max] -1.461245 1.840569 0.786680 0.000000
500 [Object 18 Index] 0.000000 0.000000 654.000000 0.000000

500 [Object 19 Min] -2.180389 1.263415 0.392798 0.000000
500 [Object 19 Max] -1.820817 1.840569 0.786680 0.000000
500 [Object 19 Index] 0.000000 0.000000 654.000000 0.000000

500 [Object 20 Min] -2.180389 0.686261 -0.001083 0.000000
500 [Object 20 Max] -1.820817 1.263415 0.392798 0.000000
500 [Object 20 Index] 0.000000 0.000000 654.000000 0.000000

500 [Object 21 Min] -1.820817 0.686261 -0.001083 0.000000
500 [Object 21 Max] -1.461245 1.263415 0.392798 0.000000
500 [Object 21 Index] 0.000000 0.000000 654.000000 0.000000

500 [Object 22 Min] -1.820817 0.686261 0.392798 0.000000
500 [Object 22 Max] -1.461245 1.263415 0.786680 0.000000
500 [Object 22 Index] 0.000000 0.000000 654.000000 0.000000

500 [Object 23 Min] -2.180389 0.686261 0.392798 0.000000
500 [Object 23 Max] -1.820817 1.263415 0.786680 0.000000
500 [Object 23 Index] 0.000000 0.000000 654.000000 0.000000

500 [Object 24 Min] -2.893952 1.132731 -0.092291 0.000000
500 [Object 24 Max] -2.449072 1.840569 0.508488 0.000000
500 [Object 24 Index] 0.000000 56.000000 654.000000 80.000000

500 [Object 25 Min] -2.692091 1.173771 -0.110235 0.000000
500 [Object 25 Max] -2.331142 1.840570 0.513255 0.000000
500 [Object 25 Index] 0.000000 29.000000 734.000000 79.000000

500 [Object 26 Min] -2.698789 1.136413 0.228161 0.000000
500 [Object 26 Max] -2.331142 1.840570 0.668727 0.000000
500 [Object 26 Index] 0.000000 21.000000 813.000000 82.000000

500 [Object 27 Min] -2.893952 1.151597 0.249825 0.000000
500 [Object 27 Max] -2.473265 1.840569 0.673621 0.000000
500 [Object 27 Index] 0.000000 20.000000 895.000000 90.000000

500 [Object 28 Min] -2.893951 0.571838 -0.089232 0.000000
500 [Object 28 Max] -2.893950 1.379843 0.525589 0.000000
500 [Object 28 Index] 0.000000 23.000000 985.000000 49.000000

500 [Object 29 Min] -2.331144 0.592688 -0.054786 0.000000
500 [Object 29 Max] -2.331142 1.335046 0.539236 0.000000
500 [Object 29 Index] 0.000000 38.000000 1034.000000 47.000000

500 [Object 30 Min] -2.613831 0.574259 0.234105 0.000000
500 [Object 30 Max] -2.331142 1.314716 0.716386 0.000000
500 [Object 30 Index] 0.000000 60.000000 1081.000000 86.000000

500 [Object 31 Min] -2.893951 0.589212 0.279937 0.000000
500 [Object 31 Max] -2.473265 1.353816 0.716386 0.000000
500 [Object 31 Index] 0.000000 9.000000 1167.000000 87.000000

500 [Object 32 Min] -2.893951 0.016552 -0.719819 0.000000
500 [Object 32 Max] -2.473265 0.763592 -0.302532 0.000000
500 [Object 32 Index] 0.000000 42.000000 1254.000000 82.000000

500 [Object 33 Min] -2.630260 0.064533 -0.715236 0.000000
500 [Object 33 Max] -2.331142 0.725505 -0.307839 0.000000
500 [Object 33 Index] 0.000000 6.000000 1336.000000 81.000000

500 [Object 34 Min] -2.331143 0.082028 -0.463386 0.000000
500 [Object 34 Max] -2.331142 0.748341 0.116084 0.000000
500 [Object 34 Index] 0.000000 69.000000 1417.000000 49.000000

500 [Object 35 Min] -2.893952 0.010086 -0.550557 0.000000
500 [Object 35 Max] -2.893950 0.770986 0.118895 0.000000
500 [Object 35 Index] 0.000000 87.000000 1466.000000 55.000000

500 [Object 36 Min] -2.893952 -0.468047 -0.677053 0.000000
500 [Object 36 Max] -2.463317 0.236297 -0.328712 0.000000
500 [Object 36 Index] 0.000000 1.000000 1521.000000 85.000000

500 [Object 37 Min] -2.612546 -0.468047 -0.667606 0.000000
500 [Object 37 Max] -2.075270 0.190249 -0.307056 0.000000
500 [Object 37 Index] 0.000000 25.000000 1606.000000 73.000000

500 [Object 38 Min] -2.615006 -0.468047 -0.476450 0.000000
500 [Object 38 Max] -2.014146 0.260910 0.081774 0.000000
500 [Object 38 Index] 0.000000 19.000000 1679.000000 69.000000

500 [Object 39 Min] -2.893952 -0.468047 -0.504953 0.000000
500 [Object 39 Max] -2.449557 0.213699 0.095261 0.000000
500 [Object 39 Index] 0.000000 36.000000 1748.000000 86.000000

500 [Object 40 Min] -2.180389 0.109107 -0.788846 0.000000
500 [Object 40 Max] -1.820817 0.686261 -0.394964 0.000000
500 [Object 40 Index] 0.000000 0.000000 1834.000000 0.000000

500 [Object 41 Min] -1.820817 0.109107 -0.788846 0.000000
500 [Object 41 Max] -1.461245 0.686261 -0.394964 0.000000
500 [Object 41 Index] 0.000000 0.000000 1834.000000 0.000000

500 [Object 42 Min] -1.820817 0.109107 -0.394965 0.000000
500 [Object 42 Max] -1.461245 0.686261 -0.001083 0.000000
500 [Object 42 Index] 0.000000 0.000000 1834.000000 0.000000

500 [Object 43 Min] -2.180389 0.109107 -0.394965 0.000000
500 [Object 43 Max] -1.820817 0.686261 -0.001083 0.000000
500 [Object 43 Index] 0.000000 0.000000 1834.000000 0.000000

500 [Object 44 Min] -2.246934 -0.468047 -0.650286 0.000000
500 [Object 44 Max] -1.724062 0.085945 -0.260276 0.000000
500 [Object 44 Index] 0.000000 28.000000 1834.000000 67.000000

500 [Object 45 Min] -1.953449 -0.468047 -0.650286 0.000000
500 [Object 45 Max] -1.455663 0.082111 -0.306828 0.000000
500 [Object 45 Index] 0.000000 4.000000 1901.000000 77.000000

500 [Object 46 Min] -1.935686 -0.468047 -0.520305 0.000000
500 [Object 46 Max] -1.455663 0.115652 0.100494 0.000000
500 [Object 46 Index] 0.000000 46.000000 1978.000000 72.000000

500 [Object 47 Min] -2.331143 -0.468047 -0.476450 0.000000
500 [Object 47 Max] -1.694846 0.115289 0.096094 0.000000
500 [Object 47 Index] 0.000000 19.000000 2050.000000 61.000000

500 [Object 48 Min] -2.240439 0.103740 -0.044160 0.000000
500 [Object 48 Max] -1.702663 0.146944 0.480520 0.000000
500 [Object 48 Index] 0.000000 66.000000 2111.000000 31.000000

500 [Object 49 Min] -1.941872 0.101862 -0.066968 0.000000
500 [Object 49 Max] -1.455663 0.145358 0.461261 0.000000
500 [Object 49 Index] 0.000000 86.000000 2142.000000 31.000000

500 [Object 50 Min] -1.920762 0.060354 0.294148 0.000000
500 [Object 50 Max] -1.455663 0.157840 0.727826 0.000000
500 [Object 50 Index] 0.000000 47.000000 2173.000000 35.000000

500 [Object 51 Min] -2.331143 0.027859 0.310851 0.000000
500 [Object 51 Max] -1.762124 0.157840 0.766153 0.000000
500 [Object 51 Index] 0.000000 361.000000 2208.000000 38.000000

500 [Object 52 Min] -2.277471 -0.440889 -0.146635 0.000000
500 [Object 52 Max] -1.698692 -0.385488 0.526187 0.000000
500 [Object 52 Index] 0.000000 187.000000 2246.000000 39.000000

500 [Object 53 Min] -1.972119 -0.432720 -0.117390 0.000000
500 [Object 53 Max] -1.455664 0.118299 0.548759 0.000000
500 [Object 53 Index] 0.000000 93.000000 2285.000000 41.000000

500 [Object 54 Min] -1.905128 -0.400402 0.345060 0.000000
500 [Object 54 Max] -1.455664 0.157840 0.786680 0.000000
500 [Object 54 Index] 0.000000 5.000000 2326.000000 83.000000

500 [Object 55 Min] -2.264700 -0.400268 0.346683 0.000000
500 [Object 55 Max] -1.701892 0.157840 0.786680 0.000000
500 [Object 55 Index] 0.000000 5.000000 2409.000000 83.000000

500 [Object 56 Min] -2.893951 0.012630 -0.089232 0.000000
500 [Object 56 Max] -2.893950 0.788689 0.502029 0.000000
500 [Object 56 Index] 0.000000 11.000000 2492.000000 54.000000

500 [Object 57 Min] -2.331144 0.105355 -0.139322 0.000000
500 [Object 57 Max] -2.062122 0.785872 0.482684 0.000000
500 [Object 57 Index] 0.000000 0.000000 2546.000000 74.000000

500 [Object 58 Min] -2.613942 0.027859 0.328464 0.000000
500 [Object 58 Max] -2.166991 0.736278 0.766153 0.000000
500 [Object 58 Index] 0.000000 2.000000 2620.000000 94.000000

500 [Object 59 Min] -2.893951 0.020069 0.287951 0.000000
500 [Object 59 Max] -2.473265 0.772571 0.766794 0.000000
500 [Object 59 Index] 0.000000 2.000000 2714.000000 93.000000

500 [Object 60 Min] -2.893951 -0.438642 -0.138289 0.000000
500 [Object 60 Max] -2.460026 0.200667 0.545615 0.000000
500 [Object 60 Index] 0.000000 13.000000 2807.000000 85.000000

500 [Object 61 Min] -2.655927 -0.434999 -0.075099 0.000000
500 [Object 61 Max] -2.040501 -0.386280 0.516563 0.000000
500 [Object 61 Index] 0.000000 120.000000 2892.000000 36.000000

500 [Object 62 Min] -2.669219 -0.404479 0.295556 0.000000
500 [Object 62 Max] -2.084915 0.245750 0.786680 0.000000
500 [Object 62 Index] 0.000000 8.000000 2928.000000 84.000000

500 [Object 63 Min] -2.893951 -0.406261 0.273904 0.000000
500 [Object 63 Max] -2.431418 0.212422 0.786680 0.000000
500 [Object 63 Index] 0.000000 8.000000 3012.000000 106.000000

500 [Object 64 Min] 0.720855 1.050794 -0.614081 0.000000
500 [Object 64 Max] 1.095027 1.194235 -0.204615 0.000000
500 [Object 64 Index] 1.000000 2426.000000 0.000000 181.000000

500 [Object 65 Min] 1.034521 1.086498 -0.292344 0.000000
500 [Object 65 Max] 1.117980 1.194382 -0.182126 0.000000
500 [Object 65 Index] 1.000000 2442.000000 181.000000 11.000000

500 [Object 66 Min] 1.033644 1.043389 -0.281361 0.000000
500 [Object 66 Max] 1.485612 1.205280 0.179518 0.000000
500 [Object 66 Index] 1.000000 2383.000000 192.000000 170.000000

500 [Object 67 Min] 0.872844 1.035627 -0.292344 0.000000
500 [Object 67 Max] 1.117980 1.204203 0.177719 0.000000
500 [Object 67 Index] 1.000000 2442.000000 362.000000 105.000000

500 [Object 68 Min] 0.720855 0.931588 -0.612772 0.000000
500 [Object 68 Max] 1.090166 1.148711 -0.202741 0.000000
500 [Object 68 Index] 1.000000 2492.000000 467.000000 130.000000

500 [Object 69 Min] 1.066337 0.994192 -0.302975 0.000000
500 [Object 69 Max] 1.117980 1.148711 -0.180641 0.000000
500 [Object 69 Index] 1.000000 2488.000000 597.000000 10.000000

500 [Object 70 Min] 1.069206 0.940906 -0.294529 0.000000
500 [Object 70 Max] 1.469354 1.152378 0.154114 0.000000
500 [Object 70 Index] 1.000000 2396.000000 607.000000 108.000000

500 [Object 71 Min] 0.862333 0.928493 -0.278001 0.000000
500 [Object 71 Max] 1.043776 1.153269 0.146831 0.000000
500 [Object 71 Index] 1.000000 2425.000000 715.000000 51.000000

500 [Object 72 Min] 1.737150 1.058197 -0.319154 0.000000
500 [Object 72 Max] 1.835140 1.193635 -0.182126 0.000000
500 [Object 72 Index] 1.000000 2524.000000 766.000000 14.000000

500 [Object 73 Min] 1.756780 1.043754 -0.614081 0.000000
500 [Object 73 Max] 2.144951 1.194693 -0.200720 0.000000
500 [Object 73 Index] 1.000000 2382.000000 780.000000 193.000000

500 [Object 74 Min] 1.725019 1.058246 -0.292810 0.000000
500 [Object 74 Max] 1.998069 1.204203 0.142433 0.000000
500 [Object 74 Index] 1.000000 2435.000000 973.000000 98.000000

500 [Object 75 Min] 1.391014 1.045841 -0.298268 0.000000
500 [Object 75 Max] 1.825735 1.204964 0.186490 0.000000
500 [Object 75 Index] 1.000000 2407.000000 1071.000000 165.000000

500 [Object 76 Min] 1.762438 0.955664 -0.351723 0.000000
500 [Object 76 Max] 1.815244 1.139593 -0.235678 0.000000
500 [Object 76 Index] 1.000000 2528.000000 1236.000000 11.000000

500 [Object 77 Min] 1.785524 0.932227 -0.612837 0.000000
500 [Object 77 Max] 2.144951 1.185424 -0.228520 0.000000
500 [Object 77 Index] 1.000000 2394.000000 1247.000000 127.000000

500 [Object 78 Min] 1.800174 0.936971 -0.292492 0.000000
500 [Object 78 Max] 2.003587 1.155023 0.165430 0.000000
500 [Object 78 Index] 1.000000 2651.000000 1374.000000 60.000000

500 [Object 79 Min] 1.375323 0.918921 -0.289508 0.000000
500 [Object 79 Max] 1.786626 1.154576 0.186490 0.000000
500 [Object 79 Index] 1.000000 2381.000000 1434.000000 111.000000

500 [Object 80 Min] 1.416889 1.057341 0.068612 0.000000
500 [Object 80 Max] 1.809098 1.215213 0.536291 0.000000
500 [Object 80 Index] 1.000000 2399.000000 1545.000000 163.000000

500 [Object 81 Min] 1.741196 1.094857 0.099323 0.000000
500 [Object 81 Max] 1.828490 1.205477 0.188644 0.000000
500 [Object 81 Index] 1.000000 2459.000000 1708.000000 12.000000

500 [Object 82 Min] 1.791717 1.107045 0.492903 0.000000
500 [Object 82 Max] 2.147741 1.223948 0.861897 0.000000
500 [Object 82 Index] 1.000000 0.000000 1720.000000 0.000000

500 [Object 83 Min] 1.383170 1.046474 0.441779 0.000000
500 [Object 83 Max] 1.670641 1.223948 0.854954 0.000000
500 [Object 83 Index] 1.000000 2402.000000 1720.000000 129.000000

500 [Object 84 Min] 1.416889 0.930445 0.095653 0.000000
500 [Object 84 Max] 1.804089 1.157132 0.535818 0.000000
500 [Object 84 Index] 1.000000 2422.000000 1849.000000 95.000000

500 [Object 85 Min] 1.778172 0.954809 0.077619 0.000000
500 [Object 85 Max] 1.840157 1.153377 0.215280 0.000000
500 [Object 85 Index] 1.000000 2691.000000 1944.000000 14.000000

500 [Object 86 Min] 1.791717 0.990141 0.492903 0.000000
500 [Object 86 Max] 2.147741 1.107045 0.861897 0.000000
500 [Object 86 Index] 1.000000 0.000000 1958.000000 0.000000

500 [Object 87 Min] 1.392282 0.941611 0.444411 0.000000
500 [Object 87 Max] 1.676442 1.167408 0.856956 0.000000
500 [Object 87 Index] 1.000000 2451.000000 1958.000000 66.000000

500 [Object 88 Min] 1.018077 1.068458 0.082906 0.000000
500 [Object 88 Max] 1.112954 1.206751 0.232348 0.000000
500 [Object 88 Index] 1.000000 2629.000000 2024.000000 21.000000

500 [Object 89 Min] 1.053193 1.063876 0.082675 0.000000
500 [Object 89 Max] 1.416890 1.214883 0.532847 0.000000
500 [Object 89 Index] 1.000000 2396.000000 2045.000000 154.000000

500 [Object 90 Min] 1.178542 1.063879 0.434955 0.000000
500 [Object 90 Max] 1.498737 1.223948 0.854469 0.000000
500 [Object 90 Index] 1.000000 2392.000000 2199.000000 154.000000

500 [Object 91 Min] 0.723646 1.107045 0.492903 0.000000
500 [Object 91 Max] 1.079670 1.223948 0.861897 0.000000
500 [Object 91 Index] 1.000000 0.000000 2353.000000 0.000000

500 [Object 92 Min] 1.024287 0.961054 0.100725 0.000000
500 [Object 92 Max] 1.097179 1.143971 0.269665 0.000000
500 [Object 92 Index] 1.000000 2612.000000 2353.000000 15.000000

500 [Object 93 Min] 1.063163 0.919279 0.083675 0.000000
500 [Object 93 Max] 1.416889 1.161109 0.535818 0.000000
500 [Object 93 Index] 1.000000 2390.000000 2368.000000 99.000000

500 [Object 94 Min] 1.175519 0.933084 0.453368 0.000000
500 [Object 94 Max] 1.493752 1.158953 0.856956 0.000000
500 [Object 94 Index] 1.000000 2390.000000 2467.000000 86.000000

500 [Object 95 Min] 0.723646 0.990141 0.492903 0.000000
500 [Object 95 Max] 1.079670 1.107045 0.861897 0.000000
500 [Object 95 Index] 1.000000 0.000000 2553.000000 0.000000

500 [Object 96 Min] 0.720855 0.817632 -0.609439 0.000000
500 [Object 96 Max] 1.093084 1.045965 -0.211492 0.000000
500 [Object 96 Index] 1.000000 2412.000000 2553.000000 132.000000

500 [Object 97 Min] 1.079670 0.873238 -0.614081 0.000000
500 [Object 97 Max] 1.435694 0.990142 -0.245087 0.000000
500 [Object 97 Index] 1.000000 0.000000 2685.000000 0.000000

500 [Object 98 Min] 1.073339 0.810787 -0.282401 0.000000
500 [Object 98 Max] 1.493214 1.056520 0.185012 0.000000
500 [Object 98 Index] 1.000000 2398.000000 2685.000000 126.000000

500 [Object 99 Min] 0.862333 0.823174 -0.278001 0.000000
500 [Object 99 Max] 1.040982 1.043993 0.143039 0.000000
500 [Object 99 Index] 1.000000 2425.000000 2811.000000 58.000000

500 [Object 100 Min] 0.720855 0.756335 -0.606449 0.000000
500 [Object 100 Max] 1.093084 0.958965 -0.207200 0.000000
500 [Object 100 Index] 1.000000 2386.000000 2869.000000 198.000000

500 [Object 101 Min] 1.033552 0.765293 -0.289032 0.000000
500 [Object 101 Max] 1.095028 0.841367 -0.226836 0.000000
500 [Object 101 Index] 1.000000 2924.000000 3067.000000 5.000000

500 [Object 102 Min] 1.021106 0.766039 -0.289032 0.000000
500 [Object 102 Max] 1.471871 0.926473 0.183988 0.000000
500 [Object 102 Index] 1.000000 2387.000000 3072.000000 176.000000

500 [Object 103 Min] 0.863551 0.764247 -0.318044 0.000000
500 [Object 103 Max] 1.145279 0.939403 0.166448 0.000000
500 [Object 103 Index] 1.000000 2395.000000 3248.000000 109.000000

500 [Object 104 Min] 1.762497 0.938949 -0.306790 0.000000
500 [Object 104 Max] 1.795241 1.018679 -0.235678 0.000000
500 [Object 104 Index] 1.000000 3071.000000 3357.000000 4.000000

500 [Object 105 Min] 1.756957 0.807317 -0.609274 0.000000
500 [Object 105 Max] 2.144951 1.049448 -0.201148 0.000000
500 [Object 105 Index] 1.000000 2391.000000 3361.000000 135.000000

500 [Object 106 Min] 1.808765 0.816700 -0.278376 0.000000
500 [Object 106 Max] 1.998862 1.049325 0.148710 0.000000
500 [Object 106 Index] 1.000000 2504.000000 3496.000000 58.000000

500 [Object 107 Min] 1.395923 0.818269 -0.306790 0.000000
500 [Object 107 Max] 1.795241 1.049859 0.129381 0.000000
500 [Object 107 Index] 1.000000 2380.000000 3554.000000 109.000000

500 [Object 108 Min] 1.755812 0.764546 -0.307270 0.000000
500 [Object 108 Max] 1.839443 0.853644 -0.198615 0.000000
500 [Object 108 Index] 1.000000 2469.000000 3663.000000 11.000000

500 [Object 109 Min] 1.765749 0.756335 -0.606321 0.000000
500 [Object 109 Max] 2.144951 0.941802 -0.198615 0.000000
500 [Object 109 Index] 1.000000 2388.000000 3674.000000 204.000000

500 [Object 110 Min] 1.717801 0.765299 -0.280236 0.000000
500 [Object 110 Max] 1.996273 0.920965 0.139910 0.000000
500 [Object 110 Index] 1.000000 2428.000000 3878.000000 93.000000

500 [Object 111 Min] 1.378623 0.766040 -0.297630 0.000000
500 [Object 111 Max] 1.849877 0.925861 0.184779 0.000000
500 [Object 111 Index] 1.000000 2389.000000 3971.000000 176.000000

500 [Object 112 Min] 1.416889 0.828061 0.081603 0.000000
500 [Object 112 Max] 1.810768 1.061582 0.545570 0.000000
500 [Object 112 Index] 1.000000 2385.000000 4147.000000 100.000000

500 [Object 113 Min] 1.761966 0.826542 0.077619 0.000000
500 [Object 113 Max] 1.840157 1.048608 0.252528 0.000000
500 [Object 113 Index] 1.000000 2560.000000 4247.000000 16.000000

500 [Object 114 Min] 1.791717 0.873238 0.492903 0.000000
500 [Object 114 Max] 2.147741 0.990142 0.861897 0.000000
500 [Object 114 Index] 1.000000 0.000000 4263.000000 0.000000

500 [Object 115 Min] 1.392282 0.832567 0.445741 0.000000
500 [Object 115 Max] 1.676481 1.033299 0.860692 0.000000
500 [Object 115 Index] 1.000000 2417.000000 4263.000000 75.000000

500 [Object 116 Min] 1.431568 0.775584 0.071334 0.000000
500 [Object 116 Max] 1.819351 0.930445 0.513952 0.000000
500 [Object 116 Index] 1.000000 2397.000000 4338.000000 149.000000

500 [Object 117 Min] 1.758551 0.775584 0.088586 0.000000
500 [Object 117 Max] 1.837091 0.888531 0.249961 0.000000
500 [Object 117 Index] 1.000000 2535.000000 4487.000000 18.000000

500 [Object 118 Min] 1.791717 0.756335 0.492903 0.000000
500 [Object 118 Max] 2.147741 0.873238 0.861897 0.000000
500 [Object 118 Index] 1.000000 0.000000 4505.000000 0.000000

500 [Object 119 Min] 1.381006 0.785207 0.434804 0.000000
500 [Object 119 Max] 1.672482 0.914158 0.861897 0.000000
500 [Object 119 Index] 1.000000 2384.000000 4505.000000 121.000000

500 [Object 120 Min] 1.015321 0.843641 0.081073 0.000000
500 [Object 120 Max] 1.096003 1.035627 0.273498 0.000000
500 [Object 120 Index] 1.000000 2425.000000 4626.000000 18.000000

500 [Object 121 Min] 1.056912 0.833202 0.104290 0.000000
500 [Object 121 Max] 1.416889 1.047611 0.538789 0.000000
500 [Object 121 Index] 1.000000 2419.000000 4644.000000 87.000000

500 [Object 122 Min] 1.184355 0.829459 0.460436 0.000000
500 [Object 122 Max] 1.451777 1.039032 0.860692 0.000000
500 [Object 122 Index] 1.000000 2414.000000 4731.000000 83.000000

500 [Object 123 Min] 0.723646 0.873238 0.492903 0.000000
500 [Object 123 Max] 1.079670 0.990142 0.861897 0.000000
500 [Object 123 Index] 1.000000 0.000000 4814.000000 0.000000

500 [Object 124 Min] 1.017356 0.776079 0.088995 0.000000
500 [Object 124 Max] 1.135429 0.920319 0.273498 0.000000
500 [Object 124 Index] 1.000000 2633.000000 4814.000000 27.000000

500 [Object 125 Min] 1.053193 0.775424 0.078588 0.000000
500 [Object 125 Max] 1.416889 0.924002 0.539532 0.000000
500 [Object 125 Index] 1.000000 2403.000000 4841.000000 145.000000

500 [Object 126 Min] 1.176960 0.785959 0.461798 0.000000
500 [Object 126 Max] 1.493485 0.930796 0.861897 0.000000
500 [Object 126 Index] 1.000000 2414.000000 4986.000000 138.000000

500 [Object 127 Min] 0.723646 0.756335 0.492903 0.000000
500 [Object 127 Max] 1.079670 0.873238 0.861897 0.000000
500 [Object 127 Index] 1.000000 0.000000 5124.000000 0.000000

